1651449789162 0.7996101975440979 0
1651449800429 0.8018417358398438 1
1651449811790 0.8018418550491333 2
1651449823128 0.8018417358398438 3
1651449834258 0.8018419742584229 4
1651449845419 0.8018420934677124 5
1651449856575 0.8018417358398438 6
1651449867745 0.8018420934677124 7
1651449878928 0.8018416166305542 8
1651449890137 0.8018417358398438 9
1651449901359 0.8018419742584229 10
1651449912566 0.8018419742584229 11
1651449923742 0.8018418550491333 12
1651449934902 0.8018419742584229 13
1651449946055 0.8018419146537781 14
1651449957244 0.8018420934677124 15
1651449968442 0.8018417358398438 16
1651449979636 0.8018416166305542 17
1651449990813 0.8018417954444885 18
1651450002006 0.8018418550491333 19
1651450013157 0.8018419742584229 20
1651450024240 0.8018340468406677 21
1651450035336 0.8018327951431274 22
1651450046415 0.8018382787704468 23
1651450057441 0.8018105030059814 24
1651450068500 0.8018229603767395 25
1651450079555 0.8018333315849304 26
1651450090605 0.8018255829811096 27
1651450101632 0.8019264936447144 28
1651450112673 0.8018885254859924 29
1651450123702 0.8018409013748169 30
1651450134782 0.8018601536750793 31
1651450145783 0.8017210960388184 32
1651450156850 0.8018608093261719 33
1651450167888 0.8017351627349854 34
1651450178860 0.8018415570259094 35
1651450189930 0.8018425703048706 36
1651450201070 0.8018398284912109 37
1651450212178 0.8018110394477844 38
1651450223234 0.8018749356269836 39
1651450234308 0.8019745349884033 40
1651450245356 0.8018465042114258 41
1651450256430 0.8020021319389343 42
1651450267456 0.8018723130226135 43
1651450278494 0.8020238280296326 44
1651450289571 0.801921546459198 45
1651450300671 0.8019802570343018 46
1651450311722 0.8020567893981934 47
1651450322822 0.8021652102470398 48
1651450333967 0.8019946217536926 49
1651450345045 0.8022081255912781 50
1651450356148 0.8019495606422424 51
1651450367176 0.8022191524505615 52
1651450378310 0.8022443056106567 53
1651450389392 0.8024099469184875 54
1651450400488 0.802273690700531 55
1651450411556 0.8022158145904541 56
1651450422617 0.8024603724479675 57
1651450433696 0.8021378517150879 58
1651450444747 0.801893949508667 59
1651450455791 0.8025966882705688 60
1651450466851 0.8024916052818298 61
1651450477935 0.8024161458015442 62
1651450489008 0.8025660514831543 63
1651450500068 0.8026848435401917 64
1651450511169 0.8022109866142273 65
1651450522147 0.8024376034736633 66
1651450533226 0.8026697635650635 67
1651450544303 0.8024843335151672 68
1651450555348 0.8025293350219727 69
1651450566386 0.802596390247345 70
1651450577408 0.8023607134819031 71
1651450588451 0.8028778433799744 72
1651450599520 0.8026703000068665 73
1651450610556 0.8027289509773254 74
1651450621643 0.8025225400924683 75
1651450632847 0.8023823499679565 76
1651450644010 0.8022122979164124 77
1651450655186 0.8028250932693481 78
1651450666486 0.8026764392852783 79
1651450677657 0.8030093312263489 80
1651450688846 0.8028640151023865 81
1651450700022 0.8027578592300415 82
1651450711195 0.8030450344085693 83
1651450722326 0.8028048872947693 84
1651450733500 0.8027569651603699 85
1651450744612 0.8030674457550049 86
1651450755652 0.8030730485916138 87
1651450766772 0.8030051589012146 88
1651450777834 0.8029876351356506 89
1651450788877 0.8023838996887207 90
1651450799956 0.8027544021606445 91
1651450810942 0.8027379512786865 92
1651450822001 0.8027421236038208 93
1651450832990 0.8030405044555664 94
1651450844027 0.802674412727356 95
1651450855026 0.8031734228134155 96
1651450866040 0.8030559420585632 97
1651450877039 0.8031923174858093 98
1651450888084 0.8028177618980408 99
1651450899107 0.8025392293930054 100
1651450910156 0.8028603792190552 101
1651450921231 0.8031290173530579 102
1651450932258 0.8033609986305237 103
1651450943301 0.803224503993988 104
1651450954302 0.8036835193634033 105
1651450965384 0.8032814264297485 106
1651450976473 0.8032510280609131 107
1651450987527 0.8033555150032043 108
1651450998629 0.8032926321029663 109
1651451009681 0.803276538848877 110
1651451020687 0.8032867908477783 111
1651451031752 0.8032463788986206 112
1651451042757 0.8033426403999329 113
1651451053838 0.8031174540519714 114
1651451064901 0.8034842610359192 115
1651451075901 0.803549587726593 116
1651451086915 0.803482711315155 117
1651451097923 0.803406298160553 118
1651451108987 0.803492546081543 119
1651451120034 0.8036816120147705 120
1651451131071 0.8038822412490845 121
1651451142123 0.8036341071128845 122
1651451153129 0.8035633563995361 123
1651451164170 0.8035180568695068 124
1651451175204 0.8038865327835083 125
1651451186228 0.8036648035049438 126
1651451197285 0.8034677505493164 127
1651451208271 0.8038596510887146 128
1651451219222 0.8035911321640015 129
1651451230250 0.8036545515060425 130
1651451241295 0.8035809993743896 131
1651451252336 0.8037765026092529 132
1651451263449 0.8036829829216003 133
1651451274444 0.8036507964134216 134
1651451285438 0.8038395047187805 135
1651451296461 0.8034993410110474 136
1651451307506 0.8036150932312012 137
1651451318570 0.8036116361618042 138
1651451329630 0.803679347038269 139
1651451340620 0.8039036989212036 140
1651451351634 0.8037981390953064 141
1651451362652 0.8039054274559021 142
1651451373699 0.8036910891532898 143
1651451384735 0.8039077520370483 144
1651451395757 0.803594172000885 145
1651451406752 0.8037713170051575 146
1651451417770 0.8038464188575745 147
1651451428755 0.8040985465049744 148
1651451439774 0.8038091063499451 149
1651451450715 0.803598165512085 150
1651451461736 0.8037136197090149 151
1651451472728 0.8040779232978821 152
1651451483753 0.8041767477989197 153
1651451494729 0.8040275573730469 154
1651451505739 0.8043310046195984 155
1651451516755 0.8039395213127136 156
1651451527813 0.8040151596069336 157
1651451538777 0.804114043712616 158
1651451549753 0.8039830923080444 159
1651451560764 0.8040157556533813 160
1651451571834 0.8043480515480042 161
1651451582871 0.8036893606185913 162
1651451594026 0.8038125038146973 163
1651451605053 0.8041939735412598 164
1651451616051 0.8038774132728577 165
1651451627048 0.8039696216583252 166
1651451638073 0.8041726350784302 167
1651451649068 0.8040567636489868 168
1651451660058 0.8043036460876465 169
1651451671088 0.8039244413375854 170
1651451682026 0.8038690090179443 171
1651451693034 0.8038880825042725 172
1651451704037 0.8046177625656128 173
1651451715069 0.8041588664054871 174
1651451727430 0.8039077520370483 175
