1651449789162 0.5414316058158875 0
1651449800429 0.5017972588539124 1
1651449811790 0.5084789991378784 2
1651449823128 0.517517626285553 3
1651449834258 0.5406428575515747 4
1651449845419 0.5522779822349548 5
1651449856575 0.5552422404289246 6
1651449867745 0.5602523684501648 7
1651449878928 0.5604934096336365 8
1651449890137 0.5620779991149902 9
1651449901359 0.5620098114013672 10
1651449912566 0.5647500157356262 11
1651449923742 0.5652223825454712 12
1651449934902 0.5662045478820801 13
1651449946055 0.566376268863678 14
1651449957244 0.5675234198570251 15
1651449968442 0.5681851506233215 16
1651449979636 0.5689046382904053 17
1651449990813 0.5697803497314453 18
1651450002006 0.5699366331100464 19
1651450013157 0.5687976479530334 20
1651450024240 0.5602666735649109 21
1651450035336 0.5672360062599182 22
1651450046415 0.5679150819778442 23
1651450057441 0.5697564482688904 24
1651450068500 0.5711026191711426 25
1651450079555 0.5730482339859009 26
1651450090605 0.5695867538452148 27
1651450101632 0.5716925263404846 28
1651450112673 0.5730696320533752 29
1651450123702 0.5732455849647522 30
1651450134782 0.5719016790390015 31
1651450145783 0.5724210143089294 32
1651450156850 0.5726599097251892 33
1651450167888 0.5726171731948853 34
1651450178860 0.5740204453468323 35
1651450189930 0.5732782483100891 36
1651450201070 0.5735890865325928 37
1651450212178 0.5717663764953613 38
1651450223234 0.5732704401016235 39
1651450234308 0.5734795928001404 40
1651450245356 0.5762515068054199 41
1651450256430 0.5756769776344299 42
1651450267456 0.5733211040496826 43
1651450278494 0.5749270915985107 44
1651450289571 0.5757883787155151 45
1651450300671 0.5742805600166321 46
1651450311722 0.5728358626365662 47
1651450322822 0.5757895708084106 48
1651450333967 0.5778815746307373 49
1651450345045 0.5763430595397949 50
1651450356148 0.5782578587532043 51
1651450367176 0.5788996815681458 52
1651450378310 0.5773679614067078 53
1651450389392 0.575291633605957 54
1651450400488 0.577335000038147 55
1651450411556 0.577698826789856 56
1651450422617 0.577929675579071 57
1651450433696 0.5782420039176941 58
1651450444747 0.5774277448654175 59
1651450455791 0.577605664730072 60
1651450466851 0.5777124762535095 61
1651450477935 0.5769110918045044 62
1651450489008 0.5768293142318726 63
1651450500068 0.5770158767700195 64
1651450511169 0.5772829055786133 65
1651450522147 0.5767633318901062 66
1651450533226 0.5760757327079773 67
1651450544303 0.5772595405578613 68
1651450555348 0.5768208503723145 69
1651450566386 0.5760810375213623 70
1651450577408 0.5774492025375366 71
1651450588451 0.5789583921432495 72
1651450599520 0.579432487487793 73
1651450610556 0.577232837677002 74
1651450621643 0.5776835680007935 75
1651450632847 0.5769767761230469 76
1651450644010 0.5789324045181274 77
1651450655186 0.5804443359375 78
1651450666486 0.5773084759712219 79
1651450677657 0.5783536434173584 80
1651450688846 0.5785744786262512 81
1651450700022 0.5784419178962708 82
1651450711195 0.5770335793495178 83
1651450722326 0.5808982849121094 84
1651450733500 0.5785051584243774 85
1651450744612 0.5794080495834351 86
1651450755652 0.5785126090049744 87
1651450766772 0.5787357687950134 88
1651450777834 0.5749939680099487 89
1651450788877 0.575549304485321 90
1651450799956 0.5798108577728271 91
1651450810942 0.5778135657310486 92
1651450822001 0.5792110562324524 93
1651450832990 0.5806983709335327 94
1651450844027 0.5758274793624878 95
1651450855026 0.5810822248458862 96
1651450866040 0.5818980932235718 97
1651450877039 0.5791977047920227 98
1651450888084 0.5809257626533508 99
1651450899107 0.5799357891082764 100
1651450910156 0.5790534019470215 101
1651450921231 0.5818893313407898 102
1651450932258 0.5810446739196777 103
1651450943301 0.5835921168327332 104
1651450954302 0.5831079483032227 105
1651450965384 0.5838497877120972 106
1651450976473 0.5796988010406494 107
1651450987527 0.5833665728569031 108
1651450998629 0.581133246421814 109
1651451009681 0.582312285900116 110
1651451020687 0.5806354880332947 111
1651451031752 0.5798713564872742 112
1651451042757 0.5802944302558899 113
1651451053838 0.5809959769248962 114
1651451064901 0.5801928043365479 115
1651451075901 0.5796141028404236 116
1651451086915 0.5811104774475098 117
1651451097923 0.5821034908294678 118
1651451108987 0.5843778848648071 119
1651451120034 0.5803115367889404 120
1651451131071 0.5822141170501709 121
1651451142123 0.5800405740737915 122
1651451153129 0.5830875039100647 123
1651451164170 0.5827956795692444 124
1651451175204 0.5810720920562744 125
1651451186228 0.5830162167549133 126
1651451197285 0.5823123455047607 127
1651451208271 0.5850656032562256 128
1651451219222 0.5822813510894775 129
1651451230250 0.5820901393890381 130
1651451241295 0.5833057165145874 131
1651451252336 0.5818358063697815 132
1651451263449 0.5833381414413452 133
1651451274444 0.5802571177482605 134
1651451285438 0.583712100982666 135
1651451296461 0.5817398428916931 136
1651451307506 0.5811693668365479 137
1651451318570 0.5841530561447144 138
1651451329630 0.5821857452392578 139
1651451340620 0.585113525390625 140
1651451351634 0.581898033618927 141
1651451362652 0.5837188363075256 142
1651451373699 0.5804294943809509 143
1651451384735 0.5820884108543396 144
1651451395757 0.5819847583770752 145
1651451406752 0.5838038325309753 146
1651451417770 0.5837239027023315 147
1651451428755 0.5832526087760925 148
1651451439774 0.5839097499847412 149
1651451450715 0.5837047696113586 150
1651451461736 0.5855436325073242 151
1651451472728 0.5847836136817932 152
1651451483753 0.5848644375801086 153
1651451494729 0.5838460326194763 154
1651451505739 0.584840714931488 155
1651451516755 0.5856072306632996 156
1651451527813 0.5839739441871643 157
1651451538777 0.5866527557373047 158
1651451549753 0.583957314491272 159
1651451560764 0.5847567915916443 160
1651451571834 0.5828886032104492 161
1651451582871 0.5828874707221985 162
1651451594026 0.58199143409729 163
1651451605053 0.5847991704940796 164
1651451616051 0.5837730169296265 165
1651451627048 0.5867989659309387 166
1651451638073 0.5862820148468018 167
1651451649068 0.5843551158905029 168
1651451660058 0.5850923657417297 169
1651451671088 0.5846140384674072 170
1651451682026 0.5857293605804443 171
1651451693034 0.583820104598999 172
1651451704037 0.5864726305007935 173
1651451715069 0.5861068367958069 174
1651451727430 0.5820884108543396 175
