1651449789162 444009.0 0
1651449800429 0.0 1
1651449811790 0.0 2
1651449823128 0.0 3
1651449834258 0.0 4
1651449845419 0.0 5
1651449856575 0.0 6
1651449867745 0.0 7
1651449878928 0.0 8
1651449890137 0.0 9
1651449901359 0.0 10
1651449912566 0.0 11
1651449923742 0.0 12
1651449934902 0.0 13
1651449946055 0.0 14
1651449957244 0.0 15
1651449968442 0.0 16
1651449979636 0.0 17
1651449990813 0.0 18
1651450002006 0.0 19
1651450013157 2.0 20
1651450024240 457.0 21
1651450035336 2574.0 22
1651450046415 2887.0 23
1651450057441 5879.0 24
1651450068500 14752.0 25
1651450079555 1430.0 26
1651450090605 14818.0 27
1651450101632 43811.0 28
1651450112673 31148.0 29
1651450123702 221.0 30
1651450134782 18266.0 31
1651450145783 29025.0 32
1651450156850 15403.0 33
1651450167888 13883.0 34
1651450178860 1644.0 35
1651450189930 10613.0 36
1651450201070 23246.0 37
1651450212178 19840.0 38
1651450223234 40367.0 39
1651450234308 56467.0 40
1651450245356 23922.0 41
1651450256430 65939.0 42
1651450267456 60584.0 43
1651450278494 82019.0 44
1651450289571 50472.0 45
1651450300671 47311.0 46
1651450311722 112116.0 47
1651450322822 107210.0 48
1651450333967 47759.0 49
1651450345045 111403.0 50
1651450356148 68777.0 51
1651450367176 86320.0 52
1651450378310 137601.0 53
1651450389392 141607.0 54
1651450400488 120362.0 55
1651450411556 100976.0 56
1651450422617 148267.0 57
1651450433696 146376.0 58
1651450444747 72329.0 59
1651450455791 164814.0 60
1651450466851 149727.0 61
1651450477935 168830.0 62
1651450489008 153581.0 63
1651450500068 141485.0 64
1651450511169 170498.0 65
1651450522147 141682.0 66
1651450533226 180654.0 67
1651450544303 173402.0 68
1651450555348 160586.0 69
1651450566386 170112.0 70
1651450577408 157985.0 71
1651450588451 193210.0 72
1651450599520 169180.0 73
1651450610556 223209.0 74
1651450621643 179395.0 75
1651450632847 145008.0 76
1651450644010 130877.0 77
1651450655186 183564.0 78
1651450666486 212909.0 79
1651450677657 190202.0 80
1651450688846 223139.0 81
1651450700022 161911.0 82
1651450711195 203891.0 83
1651450722326 222124.0 84
1651450733500 206159.0 85
1651450744612 201395.0 86
1651450755652 225937.0 87
1651450766772 211973.0 88
1651450777834 187407.0 89
1651450788877 164091.0 90
1651450799956 203580.0 91
1651450810942 168205.0 92
1651450822001 181224.0 93
1651450832990 212209.0 94
1651450844027 154751.0 95
1651450855026 220113.0 96
1651450866040 189770.0 97
1651450877039 205102.0 98
1651450888084 176526.0 99
1651450899107 207502.0 100
1651450910156 174674.0 101
1651450921231 219078.0 102
1651450932258 214969.0 103
1651450943301 195069.0 104
1651450954302 207273.0 105
1651450965384 240867.0 106
1651450976473 226833.0 107
1651450987527 236763.0 108
1651450998629 246737.0 109
1651451009681 212096.0 110
1651451020687 216053.0 111
1651451031752 217990.0 112
1651451042757 215597.0 113
1651451053838 198823.0 114
1651451064901 238110.0 115
1651451075901 218811.0 116
1651451086915 220727.0 117
1651451097923 229542.0 118
1651451108987 217719.0 119
1651451120034 241140.0 120
1651451131071 220577.0 121
1651451142123 244507.0 122
1651451153129 231515.0 123
1651451164170 233738.0 124
1651451175204 220771.0 125
1651451186228 246662.0 126
1651451197285 227308.0 127
1651451208271 214769.0 128
1651451219222 240536.0 129
1651451230250 215437.0 130
1651451241295 234296.0 131
1651451252336 217321.0 132
1651451263449 258973.0 133
1651451274444 237606.0 134
1651451285438 245195.0 135
1651451296461 243286.0 136
1651451307506 231101.0 137
1651451318570 242777.0 138
1651451329630 202549.0 139
1651451340620 242802.0 140
1651451351634 245998.0 141
1651451362652 251186.0 142
1651451373699 229209.0 143
1651451384735 239806.0 144
1651451395757 234490.0 145
1651451406752 241665.0 146
1651451417770 244024.0 147
1651451428755 239448.0 148
1651451439774 224902.0 149
1651451450715 237100.0 150
1651451461736 239023.0 151
1651451472728 251604.0 152
1651451483753 251606.0 153
1651451494729 258728.0 154
1651451505739 252460.0 155
1651451516755 242701.0 156
1651451527813 236597.0 157
1651451538777 264570.0 158
1651451549753 232090.0 159
1651451560764 248815.0 160
1651451571834 247912.0 161
1651451582871 241584.0 162
1651451594026 236546.0 163
1651451605053 236911.0 164
1651451616051 239956.0 165
1651451627048 267149.0 166
1651451638073 257808.0 167
1651451649068 254382.0 168
1651451660058 243375.0 169
1651451671088 240445.0 170
1651451682026 235586.0 171
1651451693034 241099.0 172
1651451704037 259470.0 173
1651451715069 248911.0 174
1651451727430 239806.0 175
