1651449789162 7660951.0 0
1651449800429 7352688.0 1
1651449811790 7352688.0 2
1651449823128 7352688.0 3
1651449834258 7352688.0 4
1651449845419 7352688.0 5
1651449856575 7352688.0 6
1651449867745 7352688.0 7
1651449878928 7352688.0 8
1651449890137 7352688.0 9
1651449901359 7352688.0 10
1651449912566 7352688.0 11
1651449923742 7352688.0 12
1651449934902 7352688.0 13
1651449946055 7352688.0 14
1651449957244 7352688.0 15
1651449968442 7352688.0 16
1651449979636 7352688.0 17
1651449990813 7352688.0 18
1651450002006 7352688.0 19
1651450013157 7352688.0 20
1651450024240 7352528.0 21
1651450035336 7350450.0 22
1651450046415 7349928.0 23
1651450057441 7347975.0 24
1651450068500 7338634.0 25
1651450079555 7351574.0 26
1651450090605 7338480.0 27
1651450101632 7305746.0 28
1651450112673 7319814.0 29
1651450123702 7352503.0 30
1651450134782 7333743.0 31
1651450145783 7328134.0 32
1651450156850 7336592.0 33
1651450167888 7342763.0 34
1651450178860 7351058.0 35
1651450189930 7342052.0 36
1651450201070 7329519.0 37
1651450212178 7333998.0 38
1651450223234 7311095.0 39
1651450234308 7291299.0 40
1651450245356 7328593.0 41
1651450256430 7280796.0 42
1651450267456 7290969.0 43
1651450278494 7263914.0 44
1651450289571 7299265.0 45
1651450300671 7300245.0 46
1651450311722 7232605.0 47
1651450322822 7233482.0 48
1651450333967 7299260.0 49
1651450345045 7227694.0 50
1651450356148 7279918.0 51
1651450367176 7252364.0 52
1651450378310 7200165.0 53
1651450389392 7190001.0 54
1651450400488 7216308.0 55
1651450411556 7237845.0 56
1651450422617 7181482.0 57
1651450433696 7195326.0 58
1651450444747 7278431.0 59
1651450455791 7159869.0 60
1651450466851 7178866.0 61
1651450477935 7162546.0 62
1651450489008 7172240.0 63
1651450500068 7179923.0 64
1651450511169 7168484.0 65
1651450522147 7188896.0 66
1651450533226 7141318.0 67
1651450544303 7155455.0 68
1651450555348 7166583.0 69
1651450566386 7154586.0 70
1651450577408 7175457.0 71
1651450588451 7121048.0 72
1651450599520 7152777.0 73
1651450610556 7096565.0 74
1651450621643 7148035.0 75
1651450632847 7187616.0 76
1651450644010 7208062.0 77
1651450655186 7132640.0 78
1651450666486 7108815.0 79
1651450677657 7119168.0 80
1651450688846 7091615.0 81
1651450700022 7156781.0 82
1651450711195 7104160.0 83
1651450722326 7094834.0 84
1651450733500 7112577.0 85
1651450744612 7105819.0 86
1651450755652 7081067.0 87
1651450766772 7097543.0 88
1651450777834 7122768.0 89
1651450788877 7168478.0 90
1651450799956 7115246.0 91
1651450810942 7151236.0 92
1651450822001 7138057.0 93
1651450832990 7096002.0 94
1651450844027 7167046.0 95
1651450855026 7083166.0 96
1651450866040 7117880.0 97
1651450877039 7097469.0 98
1651450888084 7139954.0 99
1651450899107 7119315.0 100
1651450910156 7140220.0 101
1651450921231 7085857.0 102
1651450932258 7081354.0 103
1651450943301 7106309.0 104
1651450954302 7077071.0 105
1651450965384 7058405.0 106
1651450976473 7073573.0 107
1651450987527 7059766.0 108
1651450998629 7052119.0 109
1651451009681 7087362.0 110
1651451020687 7083022.0 111
1651451031752 7082581.0 112
1651451042757 7081397.0 113
1651451053838 7106533.0 114
1651451064901 7053644.0 115
1651451075901 7070516.0 116
1651451086915 7071076.0 117
1651451097923 7065093.0 118
1651451108987 7073725.0 119
1651451120034 7043279.0 120
1651451131071 7056402.0 121
1651451142123 7041683.0 122
1651451153129 7057292.0 123
1651451164170 7056756.0 124
1651451175204 7056040.0 125
1651451186228 7038389.0 126
1651451197285 7065055.0 127
1651451208271 7063045.0 128
1651451219222 7047248.0 129
1651451230250 7069981.0 130
1651451241295 7053867.0 131
1651451252336 7063580.0 132
1651451263449 7025394.0 133
1651451274444 7047970.0 134
1651451285438 7033363.0 135
1651451296461 7047906.0 136
1651451307506 7055790.0 137
1651451318570 7044241.0 138
1651451329630 7081957.0 139
1651451340620 7033382.0 140
1651451351634 7034099.0 141
1651451362652 7024929.0 142
1651451373699 7054860.0 143
1651451384735 7036225.0 144
1651451395757 7053181.0 145
1651451406752 7039447.0 146
1651451417770 7034275.0 147
1651451428755 7029515.0 148
1651451439774 7054789.0 149
1651451450715 7050413.0 150
1651451461736 7044221.0 151
1651451472728 7018115.0 152
1651451483753 7014438.0 153
1651451494729 7012852.0 154
1651451505739 7007872.0 155
1651451516755 7032162.0 156
1651451527813 7035448.0 157
1651451538777 7003806.0 158
1651451549753 7041154.0 159
1651451560764 7023216.0 160
1651451571834 7011783.0 161
1651451582871 7042549.0 162
1651451594026 7043015.0 163
1651451605053 7028498.0 164
1651451616051 7037204.0 165
1651451627048 7006589.0 166
1651451638073 7008391.0 167
1651451649068 7016124.0 168
1651451660058 7017967.0 169
1651451671088 7034969.0 170
1651451682026 7041881.0 171
1651451693034 7035669.0 172
1651451704037 6990217.0 173
1651451715069 7017815.0 174
1651451727430 7036225.0 175
