1651449789162 0.5208256840705872 0
1651449800429 0.49869588017463684 1
1651449811790 0.4974703788757324 2
1651449823128 0.49641984701156616 3
1651449834258 0.49311426281929016 4
1651449845419 0.4900466203689575 5
1651449856575 0.48914894461631775 6
1651449867745 0.48852068185806274 7
1651449878928 0.4878113865852356 8
1651449890137 0.48704513907432556 9
1651449901359 0.4865803122520447 10
1651449912566 0.4864502251148224 11
1651449923742 0.48564738035202026 12
1651449934902 0.4855186641216278 13
1651449946055 0.4850260019302368 14
1651449957244 0.484611451625824 15
1651449968442 0.4843153953552246 16
1651449979636 0.4843434691429138 17
1651449990813 0.48391270637512207 18
1651450002006 0.48387011885643005 19
1651450013157 0.4840361773967743 20
1651450024240 0.49351605772972107 21
1651450035336 0.48546308279037476 22
1651450046415 0.48421403765678406 23
1651450057441 0.4840284287929535 24
1651450068500 0.48351144790649414 25
1651450079555 0.4831272065639496 26
1651450090605 0.483482301235199 27
1651450101632 0.4832111597061157 28
1651450112673 0.48297005891799927 29
1651450123702 0.4830796420574188 30
1651450134782 0.4828958511352539 31
1651450145783 0.48222628235816956 32
1651450156850 0.4823117256164551 33
1651450167888 0.4823145270347595 34
1651450178860 0.4817478060722351 35
1651450189930 0.4818519055843353 36
1651450201070 0.48192349076271057 37
1651450212178 0.4827941954135895 38
1651450223234 0.48216181993484497 39
1651450234308 0.482008695602417 40
1651450245356 0.4814144968986511 41
1651450256430 0.4813545048236847 42
1651450267456 0.48177486658096313 43
1651450278494 0.4812484383583069 44
1651450289571 0.4813450276851654 45
1651450300671 0.48179346323013306 46
1651450311722 0.48137184977531433 47
1651450322822 0.48103922605514526 48
1651450333967 0.4812609851360321 49
1651450345045 0.48078542947769165 50
1651450356148 0.4810316264629364 51
1651450367176 0.4807870388031006 52
1651450378310 0.4809357523918152 53
1651450389392 0.4809070825576782 54
1651450400488 0.48107799887657166 55
1651450411556 0.48087430000305176 56
1651450422617 0.4799255430698395 57
1651450433696 0.4807462990283966 58
1651450444747 0.48038002848625183 59
1651450455791 0.4801865816116333 60
1651450466851 0.4804123044013977 61
1651450477935 0.480314165353775 62
1651450489008 0.48051074147224426 63
1651450500068 0.4803106486797333 64
1651450511169 0.4804401397705078 65
1651450522147 0.48036131262779236 66
1651450533226 0.4803210496902466 67
1651450544303 0.4805161952972412 68
1651450555348 0.4801557958126068 69
1651450566386 0.480479896068573 70
1651450577408 0.48036009073257446 71
1651450588451 0.4795590043067932 72
1651450599520 0.48008739948272705 73
1651450610556 0.47960031032562256 74
1651450621643 0.4799666702747345 75
1651450632847 0.4800681471824646 76
1651450644010 0.4802151024341583 77
1651450655186 0.479629784822464 78
1651450666486 0.4795163869857788 79
1651450677657 0.479513943195343 80
1651450688846 0.47928857803344727 81
1651450700022 0.47939369082450867 82
1651450711195 0.4793839454650879 83
1651450722326 0.4789160192012787 84
1651450733500 0.4793510138988495 85
1651450744612 0.4793834090232849 86
1651450755652 0.479223370552063 87
1651450766772 0.47904717922210693 88
1651450777834 0.482962429523468 89
1651450788877 0.4802758991718292 90
1651450799956 0.4794597923755646 91
1651450810942 0.4794008135795593 92
1651450822001 0.4791561961174011 93
1651450832990 0.47900667786598206 94
1651450844027 0.4798740744590759 95
1651450855026 0.4785761833190918 96
1651450866040 0.47873228788375854 97
1651450877039 0.4788961410522461 98
1651450888084 0.47915977239608765 99
1651450899107 0.4788704812526703 100
1651450910156 0.4788818657398224 101
1651450921231 0.4783610701560974 102
1651450932258 0.4786939024925232 103
1651450943301 0.4787079095840454 104
1651450954302 0.47807490825653076 105
1651450965384 0.47809284925460815 106
1651450976473 0.47872063517570496 107
1651450987527 0.4780716598033905 108
1651450998629 0.4784940779209137 109
1651451009681 0.4787488877773285 110
1651451020687 0.4785318672657013 111
1651451031752 0.47925883531570435 112
1651451042757 0.47830700874328613 113
1651451053838 0.4784659445285797 114
1651451064901 0.4787752330303192 115
1651451075901 0.47833922505378723 116
1651451086915 0.47854745388031006 117
1651451097923 0.47789180278778076 118
1651451108987 0.47768062353134155 119
1651451120034 0.47790613770484924 120
1651451131071 0.47766542434692383 121
1651451142123 0.478079229593277 122
1651451153129 0.4775962233543396 123
1651451164170 0.4782540202140808 124
1651451175204 0.4781045615673065 125
1651451186228 0.4776914417743683 126
1651451197285 0.4779457151889801 127
1651451208271 0.4777594208717346 128
1651451219222 0.4775583744049072 129
1651451230250 0.4779876470565796 130
1651451241295 0.47757798433303833 131
1651451252336 0.4780851900577545 132
1651451263449 0.4776577055454254 133
1651451274444 0.47810477018356323 134
1651451285438 0.4773661196231842 135
1651451296461 0.47778454422950745 136
1651451307506 0.47790199518203735 137
1651451318570 0.4773891270160675 138
1651451329630 0.47748231887817383 139
1651451340620 0.4773879945278168 140
1651451351634 0.47744134068489075 141
1651451362652 0.4774435758590698 142
1651451373699 0.4775601923465729 143
1651451384735 0.4772612750530243 144
1651451395757 0.47748863697052 145
1651451406752 0.4773541986942291 146
1651451417770 0.4770351052284241 147
1651451428755 0.4774375855922699 148
1651451439774 0.4775661826133728 149
1651451450715 0.47722193598747253 150
1651451461736 0.4766778349876404 151
1651451472728 0.4770055115222931 152
1651451483753 0.47697585821151733 153
1651451494729 0.47721755504608154 154
1651451505739 0.4767550230026245 155
1651451516755 0.4768179953098297 156
1651451527813 0.47690826654434204 157
1651451538777 0.4766956865787506 158
1651451549753 0.4772736728191376 159
1651451560764 0.47653529047966003 160
1651451571834 0.4768286645412445 161
1651451582871 0.47744637727737427 162
1651451594026 0.47725194692611694 163
1651451605053 0.47675442695617676 164
1651451616051 0.4773087501525879 165
1651451627048 0.47627440094947815 166
1651451638073 0.4768901765346527 167
1651451649068 0.4766167104244232 168
1651451660058 0.47704336047172546 169
1651451671088 0.4770039916038513 170
1651451682026 0.4767431616783142 171
1651451693034 0.47656503319740295 172
1651451704037 0.4761572778224945 173
1651451715069 0.47658997774124146 174
1651451727430 0.4772612750530243 175
