1651449789162 0.8068777918815613 0
1651449800429 0.8018418550491333 1
1651449811790 0.8018418550491333 2
1651449823128 0.8018418550491333 3
1651449834258 0.8018418550491333 4
1651449845419 0.8018419146537781 5
1651449856575 0.8018418550491333 6
1651449867745 0.8018419146537781 7
1651449878928 0.8018417954444885 8
1651449890137 0.8018418550491333 9
1651449901359 0.8018418550491333 10
1651449912566 0.8018418550491333 11
1651449923742 0.8018418550491333 12
1651449934902 0.8018418550491333 13
1651449946055 0.8018419146537781 14
1651449957244 0.8018419146537781 15
1651449968442 0.8018418550491333 16
1651449979636 0.8018417954444885 17
1651449990813 0.8018417954444885 18
1651450002006 0.8018418550491333 19
1651450013157 0.8018418550491333 20
1651450024240 0.8018428683280945 21
1651450035336 0.801876425743103 22
1651450046415 0.8018860816955566 23
1651450057441 0.8019123077392578 24
1651450068500 0.8020668625831604 25
1651450079555 0.8018583655357361 26
1651450090605 0.802069902420044 27
1651450101632 0.8026241660118103 28
1651450112673 0.8023868203163147 29
1651450123702 0.8018446564674377 30
1651450134782 0.802154004573822 31
1651450145783 0.8022179007530212 32
1651450156850 0.8021076917648315 33
1651450167888 0.8019822239875793 34
1651450178860 0.8018682599067688 35
1651450189930 0.8020150661468506 36
1651450201070 0.8022189140319824 37
1651450212178 0.8021401762962341 38
1651450223234 0.8025266528129578 39
1651450234308 0.8028701543807983 40
1651450245356 0.8022352457046509 41
1651450256430 0.803047776222229 42
1651450267456 0.8028554320335388 43
1651450278494 0.8033291697502136 44
1651450289571 0.8027293086051941 45
1651450300671 0.8027248382568359 46
1651450311722 0.8038507103919983 47
1651450322822 0.8038575649261475 48
1651450333967 0.8027438521385193 49
1651450345045 0.8039615750312805 50
1651450356148 0.8030518293380737 51
1651450367176 0.8035575151443481 52
1651450378310 0.8044232726097107 53
1651450389392 0.804624080657959 54
1651450400488 0.8041622638702393 55
1651450411556 0.8037957549095154 56
1651450422617 0.8047751188278198 57
1651450433696 0.8044822812080383 58
1651450444747 0.8030651211738586 59
1651450455791 0.8051605224609375 60
1651450466851 0.8048245906829834 61
1651450477935 0.8050805330276489 62
1651450489008 0.8049491047859192 63
1651450500068 0.8048452138900757 64
1651450511169 0.8049415946006775 65
1651450522147 0.8046478629112244 66
1651450533226 0.805483341217041 67
1651450544303 0.8052116632461548 68
1651450555348 0.8050358891487122 69
1651450566386 0.8052481412887573 70
1651450577408 0.8048553466796875 71
1651450588451 0.80586177110672 72
1651450599520 0.8052927255630493 73
1651450610556 0.806241512298584 74
1651450621643 0.8053425550460815 75
1651450632847 0.8046581745147705 76
1651450644010 0.8042864203453064 77
1651450655186 0.8056582808494568 78
1651450666486 0.8060263991355896 79
1651450677657 0.8059190511703491 80
1651450688846 0.8063507676124573 81
1651450700022 0.8052436113357544 82
1651450711195 0.8061765432357788 83
1651450722326 0.8062853217124939 84
1651450733500 0.8059794306755066 85
1651450744612 0.8061531782150269 86
1651450755652 0.8065683245658875 87
1651450766772 0.8062794208526611 88
1651450777834 0.8058546781539917 89
1651450788877 0.804975688457489 90
1651450799956 0.8059343695640564 91
1651450810942 0.8053317070007324 92
1651450822001 0.8055518269538879 93
1651450832990 0.806312084197998 94
1651450844027 0.805056631565094 95
1651450855026 0.8065528869628906 96
1651450866040 0.8059496283531189 97
1651450877039 0.8063173294067383 98
1651450888084 0.805535078048706 99
1651450899107 0.8058241605758667 100
1651450910156 0.8055390119552612 101
1651450921231 0.8064990639686584 102
1651450932258 0.8066199421882629 103
1651450943301 0.806175947189331 104
1651450954302 0.8067548871040344 105
1651450965384 0.8069891929626465 106
1651450976473 0.8067286610603333 107
1651450987527 0.8069807887077332 108
1651450998629 0.8070969581604004 109
1651451009681 0.8065028786659241 110
1651451020687 0.8065775036811829 111
1651451031752 0.8065769672393799 112
1651451042757 0.8066157102584839 113
1651451053838 0.8061512112617493 114
1651451064901 0.8071088194847107 115
1651451075901 0.8068385124206543 116
1651451086915 0.8068161010742188 117
1651451097923 0.8069013953208923 118
1651451108987 0.8067734837532043 119
1651451120034 0.8073216080665588 120
1651451131071 0.8071404695510864 121
1651451142123 0.8073391914367676 122
1651451153129 0.8070630431175232 123
1651451164170 0.8070632219314575 124
1651451175204 0.8071473240852356 125
1651451186228 0.8074005842208862 126
1651451197285 0.8069140315055847 127
1651451208271 0.8070245385169983 128
1651451219222 0.8072372078895569 129
1651451230250 0.8068681359291077 130
1651451241295 0.8071240186691284 131
1651451252336 0.8069993257522583 132
1651451263449 0.8076229691505432 133
1651451274444 0.8072367906570435 134
1651451285438 0.8075193762779236 135
1651451296461 0.8072081804275513 136
1651451307506 0.8070985078811646 137
1651451318570 0.8072918057441711 138
1651451329630 0.8066722750663757 139
1651451340620 0.8075315952301025 140
1651451351634 0.8074988126754761 141
1651451362652 0.8076742887496948 142
1651451373699 0.8071289658546448 143
1651451384735 0.8074845671653748 144
1651451395757 0.8071381449699402 145
1651451406752 0.807403564453125 146
1651451417770 0.8075054287910461 147
1651451428755 0.8076346516609192 148
1651451439774 0.8071532249450684 149
1651451450715 0.8071854710578918 150
1651451461736 0.8073120713233948 151
1651451472728 0.8078228235244751 152
1651451483753 0.8079041242599487 153
1651451494729 0.8079017400741577 154
1651451505739 0.808044970035553 155
1651451516755 0.8075590133666992 156
1651451527813 0.8075186610221863 157
1651451538777 0.8080712556838989 158
1651451549753 0.8074162602424622 159
1651451560764 0.80772465467453 160
1651451571834 0.8079822659492493 161
1651451582871 0.8073354363441467 162
1651451594026 0.8073517084121704 163
1651451605053 0.8076704740524292 164
1651451616051 0.8074620962142944 165
1651451627048 0.8079960346221924 166
1651451638073 0.8080053329467773 167
1651451649068 0.8078522682189941 168
1651451660058 0.8078693747520447 169
1651451671088 0.8075089454650879 170
1651451682026 0.8073818683624268 171
1651451693034 0.8074899911880493 172
1651451704037 0.8083990812301636 173
1651451715069 0.8078435659408569 174
1651451727430 0.8074845671653748 175
