1651449789162 0.9863179922103882 0
1651449800429 1.0 1
1651449811790 1.0 2
1651449823128 1.0 3
1651449834258 1.0 4
1651449845419 1.0 5
1651449856575 1.0 6
1651449867745 1.0 7
1651449878928 1.0 8
1651449890137 1.0 9
1651449901359 1.0 10
1651449912566 1.0 11
1651449923742 1.0 12
1651449934902 1.0 13
1651449946055 1.0 14
1651449957244 1.0 15
1651449968442 1.0 16
1651449979636 1.0 17
1651449990813 1.0 18
1651450002006 1.0 19
1651450013157 0.9999999403953552 20
1651450024240 0.999984622001648 21
1651450035336 0.9999135136604309 22
1651450046415 0.9999029040336609 23
1651450057441 0.9998023509979248 24
1651450068500 0.9995041489601135 25
1651450079555 0.999951958656311 26
1651450090605 0.9995019435882568 27
1651450101632 0.998527467250824 28
1651450112673 0.998953104019165 29
1651450123702 0.9999926090240479 30
1651450134782 0.9993860721588135 31
1651450145783 0.999024510383606 32
1651450156850 0.9994823336601257 33
1651450167888 0.9995333552360535 34
1651450178860 0.9999447464942932 35
1651450189930 0.9996432662010193 36
1651450201070 0.9992187023162842 37
1651450212178 0.9993331432342529 38
1651450223234 0.9986432790756226 39
1651450234308 0.998102068901062 40
1651450245356 0.9991959929466248 41
1651450256430 0.9977837204933167 42
1651450267456 0.9979637265205383 43
1651450278494 0.9972432255744934 44
1651450289571 0.9983035922050476 45
1651450300671 0.9984098076820374 46
1651450311722 0.996231734752655 47
1651450322822 0.9963966012001038 48
1651450333967 0.9983948469161987 49
1651450345045 0.99625563621521 50
1651450356148 0.9976884126663208 51
1651450367176 0.9970987439155579 52
1651450378310 0.9953751564025879 53
1651450389392 0.9952404499053955 54
1651450400488 0.9959545731544495 55
1651450411556 0.9966061115264893 56
1651450422617 0.9950166344642639 57
1651450433696 0.9950802326202393 58
1651450444747 0.9975689649581909 59
1651450455791 0.9944604635238647 60
1651450466851 0.994967520236969 61
1651450477935 0.9943255186080933 62
1651450489008 0.9948380589485168 63
1651450500068 0.995244562625885 64
1651450511169 0.9942694306373596 65
1651450522147 0.9952379465103149 66
1651450533226 0.993928074836731 67
1651450544303 0.9941718578338623 68
1651450555348 0.994602620601654 69
1651450566386 0.9942824244499207 70
1651450577408 0.9946900606155396 71
1651450588451 0.9935060739517212 72
1651450599520 0.9943137764930725 73
1651450610556 0.9924978017807007 74
1651450621643 0.9939703941345215 75
1651450632847 0.9951261878013611 76
1651450644010 0.9956011176109314 77
1651450655186 0.9938302636146545 78
1651450666486 0.9928440451622009 79
1651450677657 0.9936071634292603 80
1651450688846 0.9925001263618469 81
1651450700022 0.9945580363273621 82
1651450711195 0.993147075176239 83
1651450722326 0.9925342798233032 84
1651450733500 0.9930708408355713 85
1651450744612 0.993230938911438 86
1651450755652 0.9924061298370361 87
1651450766772 0.9928753972053528 88
1651450777834 0.993701159954071 89
1651450788877 0.9944847822189331 90
1651450799956 0.9931575655937195 91
1651450810942 0.9943464994430542 92
1651450822001 0.9939089417457581 93
1651450832990 0.9928675293922424 94
1651450844027 0.9947987794876099 95
1651450855026 0.9926018714904785 96
1651450866040 0.9936217069625854 97
1651450877039 0.9931063652038574 98
1651450888084 0.9940668344497681 99
1651450899107 0.9930257201194763 100
1651450910156 0.9941290616989136 101
1651450921231 0.9926366209983826 102
1651450932258 0.9927747845649719 103
1651450943301 0.9934436082839966 104
1651450954302 0.9930334687232971 105
1651450965384 0.9919043183326721 106
1651450976473 0.9923759698867798 107
1651450987527 0.9920421838760376 108
1651450998629 0.9917070269584656 109
1651451009681 0.9928712844848633 110
1651451020687 0.9927383661270142 111
1651451031752 0.9926732182502747 112
1651451042757 0.9927536845207214 113
1651451053838 0.9933174252510071 114
1651451064901 0.9919969439506531 115
1651451075901 0.9926455616950989 116
1651451086915 0.9925811886787415 117
1651451097923 0.9922849535942078 118
1651451108987 0.9926823377609253 119
1651451120034 0.9918951392173767 120
1651451131071 0.9925863146781921 121
1651451142123 0.9917819499969482 122
1651451153129 0.9922186732292175 123
1651451164170 0.9921439290046692 124
1651451175204 0.9925797581672668 125
1651451186228 0.9917095303535461 126
1651451197285 0.9923600554466248 127
1651451208271 0.9927815198898315 128
1651451219222 0.9919154047966003 129
1651451230250 0.9927590489387512 130
1651451241295 0.9921251535415649 131
1651451252336 0.9926957488059998 132
1651451263449 0.9912956953048706 133
1651451274444 0.9920139312744141 134
1651451285438 0.9917588233947754 135
1651451296461 0.9918230175971985 136
1651451307506 0.9922325611114502 137
1651451318570 0.991840124130249 138
1651451329630 0.9931922554969788 139
1651451340620 0.9918392896652222 140
1651451351634 0.9917318224906921 141
1651451362652 0.9915574789047241 142
1651451373699 0.9922961592674255 143
1651451384735 0.9919399619102478 144
1651451395757 0.9921186566352844 145
1651451406752 0.9918774962425232 146
1651451417770 0.9917981624603271 147
1651451428755 0.9919520020484924 148
1651451439774 0.9924408793449402 149
1651451450715 0.992030918598175 150
1651451461736 0.9919662475585938 151
1651451472728 0.9915434122085571 152
1651451483753 0.9915433526039124 153
1651451494729 0.9913039803504944 154
1651451505739 0.9915146827697754 155
1651451516755 0.9918426871299744 156
1651451527813 0.9920478463172913 157
1651451538777 0.9911076426506042 158
1651451549753 0.9921993017196655 159
1651451560764 0.991637110710144 160
1651451571834 0.9916675090789795 161
1651451582871 0.9918801784515381 162
1651451594026 0.992049515247345 163
1651451605053 0.9920372366905212 164
1651451616051 0.9919348955154419 165
1651451627048 0.991020917892456 166
1651451638073 0.9913349151611328 167
1651451649068 0.9914500713348389 168
1651451660058 0.9918200373649597 169
1651451671088 0.9919185042381287 170
1651451682026 0.9920818209648132 171
1651451693034 0.9918964505195618 172
1651451704037 0.9912790656089783 173
1651451715069 0.991633951663971 174
1651451727430 0.9919399619102478 175
