1651449789162 333020.0 0
1651449800429 0.0 1
1651449811790 0.0 2
1651449823128 0.0 3
1651449834258 0.0 4
1651449845419 0.0 5
1651449856575 0.0 6
1651449867745 0.0 7
1651449878928 0.0 8
1651449890137 0.0 9
1651449901359 0.0 10
1651449912566 0.0 11
1651449923742 0.0 12
1651449934902 0.0 13
1651449946055 0.0 14
1651449957244 0.0 15
1651449968442 0.0 16
1651449979636 0.0 17
1651449990813 0.0 18
1651450002006 0.0 19
1651450013157 0.0 20
1651450024240 160.0 21
1651450035336 2238.0 22
1651450046415 2760.0 23
1651450057441 4713.0 24
1651450068500 14054.0 25
1651450079555 1114.0 26
1651450090605 14208.0 27
1651450101632 46942.0 28
1651450112673 32874.0 29
1651450123702 185.0 30
1651450134782 18945.0 31
1651450145783 24554.0 32
1651450156850 16096.0 33
1651450167888 9925.0 34
1651450178860 1630.0 35
1651450189930 10636.0 36
1651450201070 23169.0 37
1651450212178 18690.0 38
1651450223234 41593.0 39
1651450234308 61389.0 40
1651450245356 24095.0 41
1651450256430 71892.0 42
1651450267456 61719.0 43
1651450278494 88774.0 44
1651450289571 53423.0 45
1651450300671 52443.0 46
1651450311722 120083.0 47
1651450322822 119206.0 48
1651450333967 53428.0 49
1651450345045 124994.0 50
1651450356148 72770.0 51
1651450367176 100324.0 52
1651450378310 152523.0 53
1651450389392 162687.0 54
1651450400488 136380.0 55
1651450411556 114843.0 56
1651450422617 171206.0 57
1651450433696 157362.0 58
1651450444747 74257.0 59
1651450455791 192819.0 60
1651450466851 173822.0 61
1651450477935 190142.0 62
1651450489008 180448.0 63
1651450500068 172765.0 64
1651450511169 184204.0 65
1651450522147 163792.0 66
1651450533226 211370.0 67
1651450544303 197233.0 68
1651450555348 186105.0 69
1651450566386 198102.0 70
1651450577408 177231.0 71
1651450588451 231640.0 72
1651450599520 199911.0 73
1651450610556 256123.0 74
1651450621643 204653.0 75
1651450632847 165072.0 76
1651450644010 144626.0 77
1651450655186 220048.0 78
1651450666486 243873.0 79
1651450677657 233520.0 80
1651450688846 261073.0 81
1651450700022 195907.0 82
1651450711195 248528.0 83
1651450722326 257854.0 84
1651450733500 240111.0 85
1651450744612 246869.0 86
1651450755652 271621.0 87
1651450766772 255145.0 88
1651450777834 229920.0 89
1651450788877 184210.0 90
1651450799956 237442.0 91
1651450810942 201452.0 92
1651450822001 214631.0 93
1651450832990 256686.0 94
1651450844027 185642.0 95
1651450855026 269522.0 96
1651450866040 234808.0 97
1651450877039 255219.0 98
1651450888084 212734.0 99
1651450899107 233373.0 100
1651450910156 212468.0 101
1651450921231 266831.0 102
1651450932258 271334.0 103
1651450943301 246379.0 104
1651450954302 275617.0 105
1651450965384 294283.0 106
1651450976473 279115.0 107
1651450987527 292922.0 108
1651450998629 300569.0 109
1651451009681 265326.0 110
1651451020687 269666.0 111
1651451031752 270107.0 112
1651451042757 271291.0 113
1651451053838 246155.0 114
1651451064901 299044.0 115
1651451075901 282172.0 116
1651451086915 281612.0 117
1651451097923 287595.0 118
1651451108987 278963.0 119
1651451120034 309409.0 120
1651451131071 296286.0 121
1651451142123 311005.0 122
1651451153129 295396.0 123
1651451164170 295932.0 124
1651451175204 296648.0 125
1651451186228 314299.0 126
1651451197285 287633.0 127
1651451208271 289643.0 128
1651451219222 305440.0 129
1651451230250 282707.0 130
1651451241295 298821.0 131
1651451252336 289108.0 132
1651451263449 327294.0 133
1651451274444 304718.0 134
1651451285438 319325.0 135
1651451296461 304782.0 136
1651451307506 296898.0 137
1651451318570 308447.0 138
1651451329630 270731.0 139
1651451340620 319306.0 140
1651451351634 318589.0 141
1651451362652 327759.0 142
1651451373699 297828.0 143
1651451384735 316463.0 144
1651451395757 299507.0 145
1651451406752 313241.0 146
1651451417770 318413.0 147
1651451428755 323173.0 148
1651451439774 297899.0 149
1651451450715 302275.0 150
1651451461736 308467.0 151
1651451472728 334573.0 152
1651451483753 338250.0 153
1651451494729 339836.0 154
1651451505739 344816.0 155
1651451516755 320526.0 156
1651451527813 317240.0 157
1651451538777 348882.0 158
1651451549753 311534.0 159
1651451560764 329472.0 160
1651451571834 340905.0 161
1651451582871 310139.0 162
1651451594026 309673.0 163
1651451605053 324190.0 164
1651451616051 315484.0 165
1651451627048 346099.0 166
1651451638073 344297.0 167
1651451649068 336564.0 168
1651451660058 334721.0 169
1651451671088 317719.0 170
1651451682026 310807.0 171
1651451693034 317019.0 172
1651451704037 362471.0 173
1651451715069 334873.0 174
1651451727430 316463.0 175
