1651449789162 32007976.0 0
1651449800429 29752460.0 1
1651449811790 29752464.0 2
1651449823128 29752460.0 3
1651449834258 29752468.0 4
1651449845419 29752472.0 5
1651449856575 29752460.0 6
1651449867745 29752472.0 7
1651449878928 29752456.0 8
1651449890137 29752460.0 9
1651449901359 29752468.0 10
1651449912566 29752468.0 11
1651449923742 29752464.0 12
1651449934902 29752468.0 13
1651449946055 29752466.0 14
1651449957244 29752472.0 15
1651449968442 29752460.0 16
1651449979636 29752456.0 17
1651449990813 29752462.0 18
1651450002006 29752464.0 19
1651450013157 29752468.0 20
1651450024240 29752014.0 21
1651450035336 29749892.0 22
1651450046415 29749572.0 23
1651450057441 29746584.0 24
1651450068500 29737708.0 25
1651450079555 29751036.0 26
1651450090605 29737640.0 27
1651450101632 29708652.0 28
1651450112673 29721312.0 29
1651450123702 29752244.0 30
1651450134782 29734204.0 31
1651450145783 29723432.0 32
1651450156850 29737058.0 33
1651450167888 29738576.0 34
1651450178860 29750820.0 35
1651450189930 29741850.0 36
1651450201070 29729218.0 37
1651450212178 29732628.0 38
1651450223234 29712098.0 39
1651450234308 29695992.0 40
1651450245356 29728528.0 41
1651450256430 29686524.0 42
1651450267456 29691880.0 43
1651450278494 29670448.0 44
1651450289571 29701996.0 45
1651450300671 29705148.0 46
1651450311722 29640348.0 47
1651450322822 29645252.0 48
1651450333967 29704714.0 49
1651450345045 29641060.0 50
1651450356148 29683692.0 51
1651450367176 29666144.0 52
1651450378310 29614868.0 53
1651450389392 29610852.0 54
1651450400488 29632100.0 55
1651450411556 29651492.0 56
1651450422617 29604200.0 57
1651450433696 29606088.0 58
1651450444747 29680134.0 59
1651450455791 29587652.0 60
1651450466851 29602736.0 61
1651450477935 29583630.0 62
1651450489008 29598880.0 63
1651450500068 29610982.0 64
1651450511169 29581960.0 65
1651450522147 29610784.0 66
1651450533226 29571812.0 67
1651450544303 29579068.0 68
1651450555348 29591886.0 69
1651450566386 29582344.0 70
1651450577408 29594480.0 71
1651450588451 29559252.0 72
1651450599520 29583282.0 73
1651450610556 29529256.0 74
1651450621643 29573068.0 75
1651450632847 29607452.0 76
1651450644010 29621582.0 77
1651450655186 29568900.0 78
1651450666486 29539548.0 79
1651450677657 29562264.0 80
1651450688846 29529320.0 81
1651450700022 29590560.0 82
1651450711195 29548580.0 83
1651450722326 29530342.0 84
1651450733500 29546300.0 85
1651450744612 29551064.0 86
1651450755652 29526528.0 87
1651450766772 29540494.0 88
1651450777834 29565062.0 89
1651450788877 29588368.0 90
1651450799956 29548880.0 91
1651450810942 29584246.0 92
1651450822001 29571244.0 93
1651450832990 29540256.0 94
1651450844027 29597718.0 95
1651450855026 29532348.0 96
1651450866040 29562690.0 97
1651450877039 29547366.0 98
1651450888084 29575942.0 99
1651450899107 29544956.0 100
1651450910156 29577788.0 101
1651450921231 29533382.0 102
1651450932258 29537492.0 103
1651450943301 29557396.0 104
1651450954302 29545184.0 105
1651450965384 29511598.0 106
1651450976473 29525618.0 107
1651450987527 29515704.0 108
1651450998629 29505728.0 109
1651451009681 29540368.0 110
1651451020687 29536416.0 111
1651451031752 29534474.0 112
1651451042757 29536868.0 113
1651451053838 29553648.0 114
1651451064901 29514352.0 115
1651451075901 29533656.0 116
1651451086915 29531744.0 117
1651451097923 29522918.0 118
1651451108987 29534738.0 119
1651451120034 29511316.0 120
1651451131071 29531888.0 121
1651451142123 29507960.0 122
1651451153129 29520946.0 123
1651451164170 29518718.0 124
1651451175204 29531686.0 125
1651451186228 29505798.0 126
1651451197285 29525156.0 127
1651451208271 29537696.0 128
1651451219222 29511924.0 129
1651451230250 29537028.0 130
1651451241295 29518168.0 131
1651451252336 29535148.0 132
1651451263449 29493490.0 133
1651451274444 29514864.0 134
1651451285438 29507268.0 135
1651451296461 29509168.0 136
1651451307506 29521364.0 137
1651451318570 29509684.0 138
1651451329630 29549908.0 139
1651451340620 29509660.0 140
1651451351634 29506456.0 141
1651451362652 29501276.0 142
1651451373699 29523256.0 143
1651451384735 29512664.0 144
1651451395757 29517976.0 145
1651451406752 29510800.0 146
1651451417770 29508438.0 147
1651451428755 29513016.0 148
1651451439774 29527564.0 149
1651451450715 29515364.0 150
1651451461736 29513436.0 151
1651451472728 29500872.0 152
1651451483753 29500864.0 153
1651451494729 29493736.0 154
1651451505739 29500008.0 155
1651451516755 29509764.0 156
1651451527813 29515876.0 157
1651451538777 29487898.0 158
1651451549753 29520360.0 159
1651451560764 29503648.0 160
1651451571834 29504552.0 161
1651451582871 29510882.0 162
1651451594026 29515920.0 163
1651451605053 29515556.0 164
1651451616051 29512500.0 165
1651451627048 29485318.0 166
1651451638073 29494660.0 167
1651451649068 29498086.0 168
1651451660058 29509090.0 169
1651451671088 29512024.0 170
1651451682026 29516880.0 171
1651451693034 29511360.0 172
1651451704037 29492992.0 173
1651451715069 29503550.0 174
1651451727430 29512664.0 175
