1651447545337 0.8081421256065369 0
1651447556548 0.8018416166305542 1
1651447567902 0.8018417358398438 2
1651447579175 0.8018417358398438 3
1651447590382 0.8018416166305542 4
1651447601516 0.8018416166305542 5
1651447612608 0.8018417954444885 6
1651447623770 0.8018418550491333 7
1651447634936 0.8018419146537781 8
1651447646112 0.8018418550491333 9
1651447657344 0.8018417358398438 10
1651447668452 0.8018417358398438 11
1651447679610 0.8018419742584229 12
1651447690758 0.8018417358398438 13
1651447701898 0.8018418550491333 14
1651447713040 0.8018408417701721 15
1651447724222 0.8018398284912109 16
1651447735388 0.8018354177474976 17
1651447746555 0.8018398284912109 18
1651447757682 0.8018373250961304 19
1651447768844 0.8018400073051453 20
1651447779957 0.8018426299095154 21
1651447791113 0.8018463850021362 22
1651447802287 0.8018470406532288 23
1651447813430 0.8018542528152466 24
1651447824634 0.801799476146698 25
1651447835792 0.8018457293510437 26
1651447846919 0.8018473386764526 27
1651447858051 0.8018427491188049 28
1651447869170 0.8018279671669006 29
1651447880317 0.8018559813499451 30
1651447894057 0.8081421256065369 31
