1651447545337 0.5688571929931641 0
1651447556548 0.5108625292778015 1
1651447567902 0.509166419506073 2
1651447579175 0.5093449950218201 3
1651447590382 0.5133271813392639 4
1651447601516 0.5124168992042542 5
1651447612608 0.5140631198883057 6
1651447623770 0.5170868635177612 7
1651447634936 0.5208918452262878 8
1651447646112 0.5209101438522339 9
1651447657344 0.5222684741020203 10
1651447668452 0.5199739933013916 11
1651447679610 0.5238997936248779 12
1651447690758 0.5215511322021484 13
1651447701898 0.5246663093566895 14
1651447713040 0.5264459252357483 15
1651447724222 0.5232203006744385 16
1651447735388 0.5256571769714355 17
1651447746555 0.5255998969078064 18
1651447757682 0.5257707834243774 19
1651447768844 0.5258239507675171 20
1651447779957 0.5271498560905457 21
1651447791113 0.5238835215568542 22
1651447802287 0.5278064608573914 23
1651447813430 0.5295568108558655 24
1651447824634 0.5262882709503174 25
1651447835792 0.5310318470001221 26
1651447846919 0.5277178287506104 27
1651447858051 0.5285789966583252 28
1651447869170 0.5312063694000244 29
1651447880317 0.5286787152290344 30
1651447894057 0.5688571929931641 31
