1651447545337 363035.0 0
1651447556548 0.0 1
1651447567902 0.0 2
1651447579175 0.0 3
1651447590382 0.0 4
1651447601516 0.0 5
1651447612608 0.0 6
1651447623770 0.0 7
1651447634936 0.0 8
1651447646112 0.0 9
1651447657344 0.0 10
1651447668452 0.0 11
1651447679610 0.0 12
1651447690758 0.0 13
1651447701898 2.0 14
1651447713040 356.0 15
1651447724222 214.0 16
1651447735388 347.0 17
1651447746555 339.0 18
1651447757682 1030.0 19
1651447768844 695.0 20
1651447779957 37.0 21
1651447791113 851.0 22
1651447802287 1127.0 23
1651447813430 2544.0 24
1651447824634 5272.0 25
1651447835792 480.0 26
1651447846919 1519.0 27
1651447858051 4424.0 28
1651447869170 6699.0 29
1651447880317 3332.0 30
1651447894057 363035.0 31
