1651447545337 7396844.0 0
1651447556548 7352688.0 1
1651447567902 7352688.0 2
1651447579175 7352688.0 3
1651447590382 7352688.0 4
1651447601516 7352688.0 5
1651447612608 7352688.0 6
1651447623770 7352688.0 7
1651447634936 7352688.0 8
1651447646112 7352688.0 9
1651447657344 7352688.0 10
1651447668452 7352688.0 11
1651447679610 7352688.0 12
1651447690758 7352688.0 13
1651447701898 7352688.0 14
1651447713040 7352367.0 15
1651447724222 7352547.0 16
1651447735388 7352579.0 17
1651447746555 7352417.0 18
1651447757682 7351820.0 19
1651447768844 7352065.0 20
1651447779957 7352627.0 21
1651447791113 7351664.0 22
1651447802287 7351367.0 23
1651447813430 7349688.0 24
1651447824634 7348991.0 25
1651447835792 7352056.0 26
1651447846919 7350972.0 27
1651447858051 7348222.0 28
1651447869170 7346516.0 29
1651447880317 7348831.0 30
1651447894057 7396844.0 31
