1651447545337 0.5114043951034546 0
1651447556548 0.4954604208469391 1
1651447567902 0.49521327018737793 2
1651447579175 0.4950481951236725 3
1651447590382 0.49457040429115295 4
1651447601516 0.494498074054718 5
1651447612608 0.49421757459640503 6
1651447623770 0.4940458834171295 7
1651447634936 0.4937072992324829 8
1651447646112 0.4936481714248657 9
1651447657344 0.4935877323150635 10
1651447668452 0.49363672733306885 11
1651447679610 0.49316322803497314 12
1651447690758 0.49348118901252747 13
1651447701898 0.4931340515613556 14
1651447713040 0.49292615056037903 15
1651447724222 0.4932152330875397 16
1651447735388 0.4930161237716675 17
1651447746555 0.49301424622535706 18
1651447757682 0.4928503632545471 19
1651447768844 0.49284154176712036 20
1651447779957 0.49288028478622437 21
1651447791113 0.4929913878440857 22
1651447802287 0.4927215576171875 23
1651447813430 0.4926285147666931 24
1651447824634 0.49275195598602295 25
1651447835792 0.49251312017440796 26
1651447846919 0.4925675094127655 27
1651447858051 0.4925401210784912 28
1651447869170 0.4924807846546173 29
1651447880317 0.4925895035266876 30
1651447894057 0.5114043951034546 31
