1651447545337 0.8126707673072815 0
1651447556548 0.8018417954444885 1
1651447567902 0.8018418550491333 2
1651447579175 0.8018418550491333 3
1651447590382 0.8018417954444885 4
1651447601516 0.8018417954444885 5
1651447612608 0.8018417954444885 6
1651447623770 0.8018418550491333 7
1651447634936 0.8018419146537781 8
1651447646112 0.8018418550491333 9
1651447657344 0.8018418550491333 10
1651447668452 0.8018418550491333 11
1651447679610 0.8018418550491333 12
1651447690758 0.8018418550491333 13
1651447701898 0.8018418550491333 14
1651447713040 0.8018469214439392 15
1651447724222 0.8018437027931213 16
1651447735388 0.8018423318862915 17
1651447746555 0.801845908164978 18
1651447757682 0.8018550872802734 19
1651447768844 0.8018516898155212 20
1651447779957 0.801842987537384 21
1651447791113 0.801859438419342 22
1651447802287 0.8018643856048584 23
1651447813430 0.8018931150436401 24
1651447824634 0.8018935918807983 25
1651447835792 0.8018528819084167 26
1651447846919 0.8018708229064941 27
1651447858051 0.8019146919250488 28
1651447869170 0.8019394874572754 29
1651447880317 0.8019073605537415 30
1651447894057 0.8126707673072815 31
