1651447545337 0.9888132214546204 0
1651447556548 1.0 1
1651447567902 1.0 2
1651447579175 1.0 3
1651447590382 1.0 4
1651447601516 1.0 5
1651447612608 1.0 6
1651447623770 1.0 7
1651447634936 1.0 8
1651447646112 1.0 9
1651447657344 1.0 10
1651447668452 1.0 11
1651447679610 1.0 12
1651447690758 1.0 13
1651447701898 0.9999999403953552 14
1651447713040 0.9999880194664001 15
1651447724222 0.9999927878379822 16
1651447735388 0.999988317489624 17
1651447746555 0.9999885559082031 18
1651447757682 0.9999653697013855 19
1651447768844 0.999976634979248 20
1651447779957 0.9999988079071045 21
1651447791113 0.9999713897705078 22
1651447802287 0.9999620914459229 23
1651447813430 0.9999144673347473 24
1651447824634 0.9998227953910828 25
1651447835792 0.9999838471412659 26
1651447846919 0.9999489188194275 27
1651447858051 0.9998512864112854 28
1651447869170 0.9997748136520386 29
1651447880317 0.999888002872467 30
1651447894057 0.9888132214546204 31
