1651447545337 597127.0 0
1651447556548 0.0 1
1651447567902 0.0 2
1651447579175 0.0 3
1651447590382 0.0 4
1651447601516 0.0 5
1651447612608 0.0 6
1651447623770 0.0 7
1651447634936 0.0 8
1651447646112 0.0 9
1651447657344 0.0 10
1651447668452 0.0 11
1651447679610 0.0 12
1651447690758 0.0 13
1651447701898 0.0 14
1651447713040 321.0 15
1651447724222 141.0 16
1651447735388 109.0 17
1651447746555 271.0 18
1651447757682 868.0 19
1651447768844 623.0 20
1651447779957 61.0 21
1651447791113 1024.0 22
1651447802287 1321.0 23
1651447813430 3000.0 24
1651447824634 3697.0 25
1651447835792 632.0 26
1651447846919 1716.0 27
1651447858051 4466.0 28
1651447869170 6172.0 29
1651447880317 3857.0 30
1651447894057 597127.0 31
