1651447545337 32088950.0 0
1651447556548 29752456.0 1
1651447567902 29752460.0 2
1651447579175 29752460.0 3
1651447590382 29752456.0 4
1651447601516 29752456.0 5
1651447612608 29752462.0 6
1651447623770 29752464.0 7
1651447634936 29752466.0 8
1651447646112 29752464.0 9
1651447657344 29752460.0 10
1651447668452 29752460.0 11
1651447679610 29752468.0 12
1651447690758 29752460.0 13
1651447701898 29752464.0 14
1651447713040 29752106.0 15
1651447724222 29752248.0 16
1651447735388 29752112.0 17
1651447746555 29752124.0 18
1651447757682 29751428.0 19
1651447768844 29751780.0 20
1651447779957 29752428.0 21
1651447791113 29751608.0 22
1651447802287 29751340.0 23
1651447813430 29749924.0 24
1651447824634 29747196.0 25
1651447835792 29751976.0 26
1651447846919 29750948.0 27
1651447858051 29748032.0 28
1651447869170 29745760.0 29
1651447880317 29749128.0 30
1651447894057 32088950.0 31
