1651504058361 0.7729772925376892 0
1651504061044 0.8036438226699829 1
1651504063730 0.8036506175994873 2
1651504066652 0.8036596775054932 3
1651504069570 0.8042123913764954 4
1651504072473 0.8192943930625916 5
1651504075275 0.8572114706039429 6
1651504078203 0.8992143273353577 7
1651504081125 0.9094177484512329 8
1651504084044 0.9131340980529785 9
1651504086852 0.9135230183601379 10
1651504089446 0.9169604778289795 11
1651504092371 0.9191595911979675 12
1651504095294 0.9197039008140564 13
1651504097877 0.9212971925735474 14
1651504100828 0.9230727553367615 15
1651504103651 0.9224179983139038 16
1651504106265 0.9240776300430298 17
1651504108890 0.925214946269989 18
1651504111625 0.925868570804596 19
1651504114349 0.9248596429824829 20
1651504117080 0.9254698157310486 21
1651504119704 0.9268161654472351 22
1651504122543 0.9269814491271973 23
1651504125266 0.9273058176040649 24
1651504127874 0.9242516160011292 25
1651504130489 0.9274057745933533 26
1651504133212 0.9274245500564575 27
1651504136163 0.9281798601150513 28
1651504138768 0.9274544715881348 29
1651504141608 0.9290286898612976 30
1651504144341 0.9285442233085632 31
1651504147185 0.9292041659355164 32
1651504149798 0.9297705888748169 33
1651504152635 0.9303157329559326 34
1651504155240 0.9302177429199219 35
1651504157857 0.9296221733093262 36
1651504160466 0.9301351308822632 37
1651504163438 0.9299570918083191 38
1651504166035 0.9294818043708801 39
1651504168762 0.9304114580154419 40
1651504171487 0.9316199421882629 41
1651504174085 0.9328007102012634 42
1651504176807 0.9324816465377808 43
1651504179425 0.9330135583877563 44
1651504182042 0.9322273135185242 45
1651504184656 0.93399977684021 46
1651504187377 0.9333043098449707 47
1651504189992 0.9330406785011292 48
1651504192734 0.933319628238678 49
1651504195481 0.9336925745010376 50
1651504198208 0.9348361492156982 51
1651504200806 0.9338775277137756 52
1651504203410 0.9341168999671936 53
1651504206027 0.9338699579238892 54
1651504208621 0.93550044298172 55
1651504211354 0.9354152679443359 56
1651504214087 0.9343752861022949 57
1651504216708 0.9345424771308899 58
1651504219453 0.9357588887214661 59
1651504222075 0.935128390789032 60
1651504224685 0.9353188872337341 61
1651504227412 0.9355518817901611 62
1651504230148 0.9355916976928711 63
1651504232770 0.9361833333969116 64
1651504235388 0.9369246363639832 65
1651504238017 0.9364458322525024 66
1651504240742 0.9367695450782776 67
1651504243392 0.9373818039894104 68
1651504259104 0.9299570918083191 69
