1651504058361 0.38626983761787415 0
1651504061044 0.30415722727775574 1
1651504063730 0.49873000383377075 2
1651504066652 0.7765743732452393 3
1651504069570 0.8639196753501892 4
1651504072473 0.902755618095398 5
1651504075275 0.9198386669158936 6
1651504078203 0.9282405972480774 7
1651504081125 0.9302026033401489 8
1651504084044 0.9343516826629639 9
1651504086852 0.9403117299079895 10
1651504089446 0.9437966346740723 11
1651504092371 0.9451901316642761 12
1651504095294 0.9480136036872864 13
1651504097877 0.9504256248474121 14
1651504100828 0.952444851398468 15
1651504103651 0.9526214599609375 16
1651504106265 0.9540092945098877 17
1651504108890 0.956652045249939 18
1651504111625 0.9580143094062805 19
1651504114349 0.9558989405632019 20
1651504117080 0.9587297439575195 21
1651504119704 0.9590246081352234 22
1651504122543 0.9599289894104004 23
1651504125266 0.9596318602561951 24
1651504127874 0.9592333436012268 25
1651504130489 0.9578660726547241 26
1651504133212 0.962040901184082 27
1651504136163 0.9620508551597595 28
1651504138768 0.9614843726158142 29
1651504141608 0.9625802636146545 30
1651504144341 0.9629659056663513 31
1651504147185 0.9643288850784302 32
1651504149798 0.9648110866546631 33
1651504152635 0.9646626710891724 34
1651504155240 0.9640601277351379 35
1651504157857 0.9652284979820251 36
1651504160466 0.9631335139274597 37
1651504163438 0.9630118608474731 38
1651504166035 0.9646698236465454 39
1651504168762 0.9646967649459839 40
1651504171487 0.966856062412262 41
1651504174085 0.9665003418922424 42
1651504176807 0.9671308994293213 43
1651504179425 0.9673018455505371 44
1651504182042 0.9667705297470093 45
1651504184656 0.9683203101158142 46
1651504187377 0.9674630165100098 47
1651504189992 0.9668241143226624 48
1651504192734 0.9672133326530457 49
1651504195481 0.9692235589027405 50
1651504198208 0.9693175554275513 51
1651504200806 0.9686226844787598 52
1651504203410 0.9685760736465454 53
1651504206027 0.9695181846618652 54
1651504208621 0.9695063829421997 55
1651504211354 0.9703354835510254 56
1651504214087 0.9698134064674377 57
1651504216708 0.969131588935852 58
1651504219453 0.9692375659942627 59
1651504222075 0.9686060547828674 60
1651504224685 0.9690477848052979 61
1651504227412 0.9691545963287354 62
1651504230148 0.9706518054008484 63
1651504232770 0.9722403287887573 64
1651504235388 0.9701772332191467 65
1651504238017 0.9717471599578857 66
1651504240742 0.970797598361969 67
1651504243392 0.9713574647903442 68
1651504259104 0.9630118608474731 69
