1651504058361 267981.0 0
1651504061044 87.0 1
1651504063730 4.0 2
1651504066652 1.0 3
1651504069570 213.0 4
1651504072473 10496.0 5
1651504075275 84657.0 6
1651504078203 236735.0 7
1651504081125 290711.0 8
1651504084044 285233.0 9
1651504086852 292318.0 10
1651504089446 267458.0 11
1651504092371 235759.0 12
1651504095294 234276.0 13
1651504097877 233967.0 14
1651504100828 211980.0 15
1651504103651 206382.0 16
1651504106265 215849.0 17
1651504108890 201956.0 18
1651504111625 205289.0 19
1651504114349 181225.0 20
1651504117080 196559.0 21
1651504119704 206326.0 22
1651504122543 186739.0 23
1651504125266 206790.0 24
1651504127874 198516.0 25
1651504130489 181422.0 26
1651504133212 225193.0 27
1651504136163 165829.0 28
1651504138768 216238.0 29
1651504141608 182598.0 30
1651504144341 197665.0 31
1651504147185 188025.0 32
1651504149798 189967.0 33
1651504152635 181770.0 34
1651504155240 199919.0 35
1651504157857 195703.0 36
1651504160466 176476.0 37
1651504163438 182440.0 38
1651504166035 194984.0 39
1651504168762 216044.0 40
1651504171487 163984.0 41
1651504174085 197508.0 42
1651504176807 183772.0 43
1651504179425 189148.0 44
1651504182042 196238.0 45
1651504184656 184247.0 46
1651504187377 183361.0 47
1651504189992 186652.0 48
1651504192734 187872.0 49
1651504195481 170233.0 50
1651504198208 194349.0 51
1651504200806 180682.0 52
1651504203410 182286.0 53
1651504206027 180090.0 54
1651504208621 191143.0 55
1651504211354 179905.0 56
1651504214087 176198.0 57
1651504216708 197030.0 58
1651504219453 172952.0 59
1651504222075 194512.0 60
1651504224685 180508.0 61
1651504227412 176885.0 62
1651504230148 177028.0 63
1651504232770 170297.0 64
1651504235388 169536.0 65
1651504238017 180250.0 66
1651504240742 181413.0 67
1651504243392 171111.0 68
1651504259104 182440.0 69
