1651504058361 1135913.0 0
1651504061044 1214167.0 1
1651504063730 1214208.0 2
1651504066652 1214155.0 3
1651504069570 1210525.0 4
1651504072473 1106976.0 5
1651504075275 798338.0 6
1651504078203 386517.0 7
1651504081125 269444.0 8
1651504084044 251940.0 9
1651504086852 242450.0 10
1651504089446 246053.0 11
1651504092371 264153.0 12
1651504095294 262270.0 13
1651504097877 252726.0 14
1651504100828 263733.0 15
1651504103651 273380.0 16
1651504106265 253650.0 17
1651504108890 260510.0 18
1651504111625 253135.0 19
1651504114349 283438.0 20
1651504117080 264331.0 21
1651504119704 246238.0 22
1651504122543 264803.0 23
1651504125266 242746.0 24
1651504127874 269907.0 25
1651504130489 267496.0 26
1651504133212 223609.0 27
1651504136163 278302.0 28
1651504138768 232379.0 29
1651504141608 256284.0 30
1651504144341 244213.0 31
1651504147185 249772.0 32
1651504149798 244327.0 33
1651504152635 249153.0 34
1651504155240 231610.0 35
1651504157857 239509.0 36
1651504160466 255564.0 37
1651504163438 250701.0 38
1651504166035 241096.0 39
1651504168762 214287.0 40
1651504171487 258874.0 41
1651504174085 218048.0 42
1651504176807 233757.0 43
1651504179425 225092.0 44
1651504182042 222864.0 45
1651504184656 223894.0 46
1651504187377 229081.0 47
1651504189992 227420.0 48
1651504192734 224475.0 49
1651504195481 239808.0 50
1651504198208 208620.0 51
1651504200806 228215.0 52
1651504203410 225131.0 53
1651504206027 228854.0 54
1651504208621 207718.0 55
1651504211354 219483.0 56
1651504214087 229621.0 57
1651504216708 207755.0 58
1651504219453 224311.0 59
1651504222075 206650.0 60
1651504224685 219476.0 61
1651504227412 221658.0 62
1651504230148 221269.0 63
1651504232770 224341.0 64
1651504235388 220518.0 65
1651504238017 212765.0 66
1651504240742 209600.0 67
1651504243392 216116.0 68
1651504259104 250701.0 69
