1651504058361 0.6669007539749146 0
1651504061044 0.6097297668457031 1
1651504063730 0.5286341905593872 2
1651504066652 0.4300931394100189 3
1651504069570 0.3797343671321869 4
1651504072473 0.32934823632240295 5
1651504075275 0.2986702024936676 6
1651504078203 0.27392229437828064 7
1651504081125 0.2518295645713806 8
1651504084044 0.24303783476352692 9
1651504086852 0.23390530049800873 10
1651504089446 0.2257803976535797 11
1651504092371 0.22128689289093018 12
1651504095294 0.21712037920951843 13
1651504097877 0.21180973947048187 14
1651504100828 0.20855039358139038 15
1651504103651 0.20863334834575653 16
1651504106265 0.20451290905475616 17
1651504108890 0.2004026621580124 18
1651504111625 0.19822297990322113 19
1651504114349 0.20110033452510834 20
1651504117080 0.1971612274646759 21
1651504119704 0.19482189416885376 22
1651504122543 0.1943756639957428 23
1651504125266 0.1944965124130249 24
1651504127874 0.19643142819404602 25
1651504130489 0.19519267976284027 26
1651504133212 0.18911918997764587 27
1651504136163 0.18991759419441223 28
1651504138768 0.19023272395133972 29
1651504141608 0.1875036656856537 30
1651504144341 0.18704013526439667 31
1651504147185 0.18431472778320312 32
1651504149798 0.1829081028699875 33
1651504152635 0.18281245231628418 34
1651504155240 0.18346814811229706 35
1651504157857 0.18216390907764435 36
1651504160466 0.18563346564769745 37
1651504163438 0.18532797694206238 38
1651504166035 0.18329128623008728 39
1651504168762 0.1823149472475052 40
1651504171487 0.17800743877887726 41
1651504174085 0.1763315051794052 42
1651504176807 0.17685188353061676 43
1651504179425 0.17466992139816284 44
1651504182042 0.17706550657749176 45
1651504184656 0.1730925291776657 46
1651504187377 0.17506645619869232 47
1651504189992 0.1758085936307907 48
1651504192734 0.1758703738451004 49
1651504195481 0.17169295251369476 50
1651504198208 0.17047128081321716 51
1651504200806 0.17233596742153168 52
1651504203410 0.17089371383190155 53
1651504206027 0.1704241782426834 54
1651504208621 0.16878731548786163 55
1651504211354 0.1683720499277115 56
1651504214087 0.16982519626617432 57
1651504216708 0.17091777920722961 58
1651504219453 0.1700572520494461 59
1651504222075 0.1704196184873581 60
1651504224685 0.17054533958435059 61
1651504227412 0.1696232408285141 62
1651504230148 0.1668040007352829 63
1651504232770 0.16321924328804016 64
1651504235388 0.1662912219762802 65
1651504238017 0.1644667088985443 66
1651504240742 0.16533325612545013 67
1651504243392 0.16385681927204132 68
1651504259104 0.18532797694206238 69
