1651504058361 0.8054161667823792 0
1651504061044 0.8036535978317261 1
1651504063730 0.8036509156227112 2
1651504066652 0.8036578893661499 3
1651504069570 0.8041232228279114 4
1651504072473 0.8175173997879028 5
1651504075275 0.8595316410064697 6
1651504078203 0.9245010614395142 7
1651504081125 0.9455498456954956 8
1651504084044 0.9489631056785583 9
1651504086852 0.9507200717926025 10
1651504089446 0.9502754211425781 11
1651504092371 0.9471494555473328 12
1651504095294 0.9475220441818237 13
1651504097877 0.9493380784988403 14
1651504100828 0.9474789500236511 15
1651504103651 0.9457225799560547 16
1651504106265 0.9493461847305298 17
1651504108890 0.9481909871101379 18
1651504111625 0.9495502710342407 19
1651504114349 0.9441164135932922 20
1651504117080 0.947527289390564 21
1651504119704 0.9508470892906189 22
1651504122543 0.9475407600402832 23
1651504125266 0.9515058398246765 24
1651504127874 0.9464588165283203 25
1651504130489 0.9470912218093872 26
1651504133212 0.9549914002418518 27
1651504136163 0.945239782333374 28
1651504138768 0.9533923864364624 29
1651504141608 0.9491843581199646 30
1651504144341 0.9513158202171326 31
1651504147185 0.9503580331802368 32
1651504149798 0.9513688087463379 33
1651504152635 0.9505364298820496 34
1651504155240 0.9536910653114319 35
1651504157857 0.9522274732589722 36
1651504160466 0.9493813514709473 37
1651504163438 0.9502378106117249 38
1651504166035 0.9519330263137817 39
1651504168762 0.9568662047386169 40
1651504171487 0.9488857388496399 41
1651504174085 0.9563052654266357 42
1651504176807 0.9534321427345276 43
1651504179425 0.9550325274467468 44
1651504182042 0.9553946256637573 45
1651504184656 0.9553049206733704 46
1651504187377 0.9543248414993286 47
1651504189992 0.9546112418174744 48
1651504192734 0.9551616907119751 49
1651504195481 0.9524124264717102 50
1651504198208 0.9581419825553894 51
1651504200806 0.9545139670372009 52
1651504203410 0.9550866484642029 53
1651504206027 0.9543977975845337 54
1651504208621 0.9583422541618347 55
1651504211354 0.9561848640441895 56
1651504214087 0.9542874097824097 57
1651504216708 0.9582858681678772 58
1651504219453 0.9553261399269104 59
1651504222075 0.9585195183753967 60
1651504224685 0.9561809301376343 61
1651504227412 0.9557965397834778 62
1651504230148 0.9558694362640381 63
1651504232770 0.955344021320343 64
1651504235388 0.956078290939331 65
1651504238017 0.9574660062789917 66
1651504240742 0.958062469959259 67
1651504243392 0.9569037556648254 68
1651504259104 0.9502378106117249 69
