1651504058361 0.9460772275924683 0
1651504061044 0.999982476234436 1
1651504063730 0.9999991655349731 2
1651504066652 0.9999998211860657 3
1651504069570 0.9999571442604065 4
1651504072473 0.9978880286216736 5
1651504075275 0.9829654693603516 6
1651504078203 0.9523645043373108 7
1651504081125 0.9415035843849182 8
1651504084044 0.9426058530807495 9
1651504086852 0.9411801695823669 10
1651504089446 0.9461824893951416 11
1651504092371 0.9525609016418457 12
1651504095294 0.9528593420982361 13
1651504097877 0.9529215097427368 14
1651504100828 0.9573456645011902 15
1651504103651 0.9584721326828003 16
1651504106265 0.9565671682357788 17
1651504108890 0.9593626856803894 18
1651504111625 0.9586920738220215 19
1651504114349 0.9635341763496399 20
1651504117080 0.960448682308197 21
1651504119704 0.9584833979606628 22
1651504122543 0.962424635887146 23
1651504125266 0.9583899974822998 24
1651504127874 0.960054874420166 25
1651504130489 0.9634945392608643 26
1651504133212 0.9546869993209839 27
1651504136163 0.9666321277618408 28
1651504138768 0.9564889073371887 29
1651504141608 0.963257908821106 30
1651504144341 0.9602261185646057 31
1651504147185 0.962165892124176 32
1651504149798 0.9617751240730286 33
1651504152635 0.9634245038032532 34
1651504155240 0.9597725868225098 35
1651504157857 0.9606209397315979 36
1651504160466 0.964489758014679 37
1651504163438 0.9632896780967712 38
1651504166035 0.9607656002044678 39
1651504168762 0.9565279483795166 40
1651504171487 0.9670034050941467 41
1651504174085 0.9602577090263367 42
1651504176807 0.9630216956138611 43
1651504179425 0.9619399309158325 44
1651504182042 0.9605132937431335 45
1651504184656 0.9629260897636414 46
1651504187377 0.9631043672561646 47
1651504189992 0.96244215965271 48
1651504192734 0.9621966481208801 49
1651504195481 0.9657459855079651 50
1651504198208 0.9608933925628662 51
1651504200806 0.9636434316635132 52
1651504203410 0.9633206725120544 53
1651504206027 0.9637625813484192 54
1651504208621 0.9615384936332703 55
1651504211354 0.963799774646759 56
1651504214087 0.9645456671714783 57
1651504216708 0.9603539109230042 58
1651504219453 0.9651988744735718 59
1651504222075 0.960860550403595 60
1651504224685 0.9636784195899963 61
1651504227412 0.9644074440002441 62
1651504230148 0.9643786549568176 63
1651504232770 0.9657331109046936 64
1651504235388 0.9658862352371216 65
1651504238017 0.9637303352355957 66
1651504240742 0.9634963274002075 67
1651504243392 0.9655693173408508 68
1651504259104 0.9632896780967712 69
