1651504058361 78302.0 0
1651504061044 48.0 1
1651504063730 7.0 2
1651504066652 60.0 3
1651504069570 3690.0 4
1651504072473 107239.0 5
1651504075275 415877.0 6
1651504078203 827698.0 7
1651504081125 944771.0 8
1651504084044 962275.0 9
1651504086852 971765.0 10
1651504089446 968162.0 11
1651504092371 950062.0 12
1651504095294 951945.0 13
1651504097877 961489.0 14
1651504100828 950482.0 15
1651504103651 940835.0 16
1651504106265 960565.0 17
1651504108890 953705.0 18
1651504111625 961080.0 19
1651504114349 930777.0 20
1651504117080 949884.0 21
1651504119704 967977.0 22
1651504122543 949412.0 23
1651504125266 971469.0 24
1651504127874 944308.0 25
1651504130489 946719.0 26
1651504133212 990606.0 27
1651504136163 935913.0 28
1651504138768 981836.0 29
1651504141608 957931.0 30
1651504144341 970002.0 31
1651504147185 964443.0 32
1651504149798 969888.0 33
1651504152635 965062.0 34
1651504155240 982605.0 35
1651504157857 974706.0 36
1651504160466 958651.0 37
1651504163438 963514.0 38
1651504166035 973119.0 39
1651504168762 999928.0 40
1651504171487 955341.0 41
1651504174085 996167.0 42
1651504176807 980458.0 43
1651504179425 989123.0 44
1651504182042 991351.0 45
1651504184656 990321.0 46
1651504187377 985134.0 47
1651504189992 986795.0 48
1651504192734 989740.0 49
1651504195481 974407.0 50
1651504198208 1005595.0 51
1651504200806 986000.0 52
1651504203410 989084.0 53
1651504206027 985361.0 54
1651504208621 1006497.0 55
1651504211354 994732.0 56
1651504214087 984594.0 57
1651504216708 1006460.0 58
1651504219453 989904.0 59
1651504222075 1007565.0 60
1651504224685 994739.0 61
1651504227412 992557.0 62
1651504230148 992946.0 63
1651504232770 989874.0 64
1651504235388 993697.0 65
1651504238017 1001450.0 66
1651504240742 1004615.0 67
1651504243392 998099.0 68
1651504259104 963514.0 69
