1651504058361 4701740.0 0
1651504061044 4969634.0 1
1651504063730 4969717.0 2
1651504066652 4969720.0 3
1651504069570 4969508.0 4
1651504072473 4959225.0 5
1651504075275 4885064.0 6
1651504078203 4732986.0 7
1651504081125 4679010.0 8
1651504084044 4684488.0 9
1651504086852 4677403.0 10
1651504089446 4702263.0 11
1651504092371 4733962.0 12
1651504095294 4735445.0 13
1651504097877 4735754.0 14
1651504100828 4757741.0 15
1651504103651 4763339.0 16
1651504106265 4753872.0 17
1651504108890 4767765.0 18
1651504111625 4764432.0 19
1651504114349 4788496.0 20
1651504117080 4773162.0 21
1651504119704 4763395.0 22
1651504122543 4782982.0 23
1651504125266 4762931.0 24
1651504127874 4771205.0 25
1651504130489 4788299.0 26
1651504133212 4744528.0 27
1651504136163 4803892.0 28
1651504138768 4753483.0 29
1651504141608 4787123.0 30
1651504144341 4772056.0 31
1651504147185 4781696.0 32
1651504149798 4779754.0 33
1651504152635 4787951.0 34
1651504155240 4769802.0 35
1651504157857 4774018.0 36
1651504160466 4793245.0 37
1651504163438 4787281.0 38
1651504166035 4774737.0 39
1651504168762 4753677.0 40
1651504171487 4805737.0 41
1651504174085 4772213.0 42
1651504176807 4785949.0 43
1651504179425 4780573.0 44
1651504182042 4773483.0 45
1651504184656 4785474.0 46
1651504187377 4786360.0 47
1651504189992 4783069.0 48
1651504192734 4781849.0 49
1651504195481 4799488.0 50
1651504198208 4775372.0 51
1651504200806 4789039.0 52
1651504203410 4787435.0 53
1651504206027 4789631.0 54
1651504208621 4778578.0 55
1651504211354 4789816.0 56
1651504214087 4793523.0 57
1651504216708 4772691.0 58
1651504219453 4796769.0 59
1651504222075 4775209.0 60
1651504224685 4789213.0 61
1651504227412 4792836.0 62
1651504230148 4792693.0 63
1651504232770 4799424.0 64
1651504235388 4800185.0 65
1651504238017 4789471.0 66
1651504240742 4788308.0 67
1651504243392 4798610.0 68
1651504259104 4787281.0 69
