1651504883048 0.5130393505096436 0
1651504885790 0.5000459551811218 1
1651504888531 0.5004544258117676 2
1651504891149 0.49749556183815 3
1651504893765 0.49964606761932373 4
1651504896494 0.5006477236747742 5
1651504899218 0.5040332674980164 6
1651504901824 0.5099027752876282 7
1651504904545 0.5210091471672058 8
1651504907144 0.5311546325683594 9
1651504909879 0.535225510597229 10
1651504912495 0.542050302028656 11
1651504915230 0.5457015037536621 12
1651504917962 0.5549942255020142 13
1651504920571 0.5470631122589111 14
1651504923301 0.5655938982963562 15
1651504926024 0.5723967552185059 16
1651504928746 0.6001479029655457 17
1651504931353 0.6149989366531372 18
1651504933948 0.6313968300819397 19
1651504936539 0.6232075691223145 20
1651504939252 0.6564530730247498 21
1651504941975 0.6660029292106628 22
1651504944690 0.6934689283370972 23
1651504947417 0.7237435579299927 24
1651504950159 0.7550775408744812 25
1651504952756 0.6982005834579468 26
1651504955352 0.6789430379867554 27
1651504957926 0.6952776312828064 28
1651504960515 0.6982965469360352 29
1651504963225 0.7412238717079163 30
1651504965960 0.7556226849555969 31
1651504980824 0.5000459551811218 32
