1651504883048 337573.0 0
1651504885790 4462.0 1
1651504888531 1428.0 2
1651504891149 376.0 3
1651504893765 80.0 4
1651504896494 19.0 5
1651504899218 5.0 6
1651504901824 0.0 7
1651504904545 0.0 8
1651504907144 0.0 9
1651504909879 0.0 10
1651504912495 0.0 11
1651504915230 0.0 12
1651504917962 0.0 13
1651504920571 0.0 14
1651504923301 0.0 15
1651504926024 0.0 16
1651504928746 0.0 17
1651504931353 0.0 18
1651504933948 0.0 19
1651504936539 0.0 20
1651504939252 0.0 21
1651504941975 0.0 22
1651504944690 0.0 23
1651504947417 0.0 24
1651504950159 0.0 25
1651504952756 0.0 26
1651504955352 0.0 27
1651504957926 0.0 28
1651504960515 0.0 29
1651504963225 0.0 30
1651504965960 0.0 31
1651504980824 4462.0 32
