1651504883048 1769615.0 0
1651504885790 1213128.0 1
1651504888531 1213852.0 2
1651504891149 1214139.0 3
1651504893765 1214191.0 4
1651504896494 1214200.0 5
1651504899218 1214213.0 6
1651504901824 1214215.0 7
1651504904545 1214215.0 8
1651504907144 1214215.0 9
1651504909879 1214215.0 10
1651504912495 1214215.0 11
1651504915230 1214215.0 12
1651504917962 1214215.0 13
1651504920571 1214215.0 14
1651504923301 1214215.0 15
1651504926024 1214215.0 16
1651504928746 1214215.0 17
1651504931353 1214215.0 18
1651504933948 1214215.0 19
1651504936539 1214215.0 20
1651504939252 1214215.0 21
1651504941975 1214215.0 22
1651504944690 1214215.0 23
1651504947417 1214215.0 24
1651504950159 1214215.0 25
1651504952756 1214215.0 26
1651504955352 1214215.0 27
1651504957926 1214215.0 28
1651504960515 1214215.0 29
1651504963225 1214215.0 30
1651504965960 1214215.0 31
1651504980824 1213128.0 32
