1651504883048 0.6400331258773804 0
1651504885790 0.532700777053833 1
1651504888531 0.5158395767211914 2
1651504891149 0.5112870931625366 3
1651504893765 0.5078130960464478 4
1651504896494 0.5055143237113953 5
1651504899218 0.5035838484764099 6
1651504901824 0.5014386773109436 7
1651504904545 0.49867621064186096 8
1651504907144 0.49672797322273254 9
1651504909879 0.4958008825778961 10
1651504912495 0.4947356879711151 11
1651504915230 0.49404776096343994 12
1651504917962 0.49265798926353455 13
1651504920571 0.49420788884162903 14
1651504923301 0.49099239706993103 15
1651504926024 0.489481121301651 16
1651504928746 0.48527613282203674 17
1651504931353 0.48208555579185486 18
1651504933948 0.47724151611328125 19
1651504936539 0.4810894727706909 20
1651504939252 0.46969571709632874 21
1651504941975 0.4671670198440552 22
1651504944690 0.45636361837387085 23
1651504947417 0.44433844089508057 24
1651504950159 0.4292391538619995 25
1651504952756 0.46192848682403564 26
1651504955352 0.4809577167034149 27
1651504957926 0.45987755060195923 28
1651504960515 0.45593422651290894 29
1651504963225 0.43823081254959106 30
1651504965960 0.4277353882789612 31
1651504980824 0.532700777053833 32
