1651504883048 0.8052464127540588 0
1651504885790 0.8036497235298157 1
1651504888531 0.8036519885063171 2
1651504891149 0.803648054599762 3
1651504893765 0.8036507368087769 4
1651504896494 0.8036514520645142 5
1651504899218 0.8036502599716187 6
1651504901824 0.8036501407623291 7
1651504904545 0.8036501407623291 8
1651504907144 0.8036501407623291 9
1651504909879 0.8036501407623291 10
1651504912495 0.8036501407623291 11
1651504915230 0.8036501407623291 12
1651504917962 0.8036501407623291 13
1651504920571 0.8036501407623291 14
1651504923301 0.8036501407623291 15
1651504926024 0.8036501407623291 16
1651504928746 0.8036501407623291 17
1651504931353 0.8036501407623291 18
1651504933948 0.8036501407623291 19
1651504936539 0.8036501407623291 20
1651504939252 0.8036501407623291 21
1651504941975 0.8036501407623291 22
1651504944690 0.8036501407623291 23
1651504947417 0.8036501407623291 24
1651504950159 0.8036501407623291 25
1651504952756 0.8036501407623291 26
1651504955352 0.8036501407623291 27
1651504957926 0.8036501407623291 28
1651504960515 0.8036501407623291 29
1651504963225 0.8036501407623291 30
1651504965960 0.8036501407623291 31
1651504980824 0.8036497235298157 32
