1651504883048 0.955898106098175 0
1651504885790 0.9991021752357483 1
1651504888531 0.9997126460075378 2
1651504891149 0.99992436170578 3
1651504893765 0.9999839067459106 4
1651504896494 0.9999961853027344 5
1651504899218 0.9999989867210388 6
1651504901824 1.0 7
1651504904545 1.0 8
1651504907144 1.0 9
1651504909879 1.0 10
1651504912495 1.0 11
1651504915230 1.0 12
1651504917962 1.0 13
1651504920571 1.0 14
1651504923301 1.0 15
1651504926024 1.0 16
1651504928746 1.0 17
1651504931353 1.0 18
1651504933948 1.0 19
1651504936539 1.0 20
1651504939252 1.0 21
1651504941975 1.0 22
1651504944690 1.0 23
1651504947417 1.0 24
1651504950159 1.0 25
1651504952756 1.0 26
1651504955352 1.0 27
1651504957926 1.0 28
1651504960515 1.0 29
1651504963225 1.0 30
1651504965960 1.0 31
1651504980824 0.9991021752357483 32
