1651504883048 7316817.0 0
1651504885790 4965259.0 1
1651504888531 4968293.0 2
1651504891149 4969345.0 3
1651504893765 4969641.0 4
1651504896494 4969702.0 5
1651504899218 4969716.0 6
1651504901824 4969721.0 7
1651504904545 4969721.0 8
1651504907144 4969721.0 9
1651504909879 4969721.0 10
1651504912495 4969721.0 11
1651504915230 4969721.0 12
1651504917962 4969721.0 13
1651504920571 4969721.0 14
1651504923301 4969721.0 15
1651504926024 4969721.0 16
1651504928746 4969721.0 17
1651504931353 4969721.0 18
1651504933948 4969721.0 19
1651504936539 4969721.0 20
1651504939252 4969721.0 21
1651504941975 4969721.0 22
1651504944690 4969721.0 23
1651504947417 4969721.0 24
1651504950159 4969721.0 25
1651504952756 4969721.0 26
1651504955352 4969721.0 27
1651504957926 4969721.0 28
1651504960515 4969721.0 29
1651504963225 4969721.0 30
1651504965960 4969721.0 31
1651504980824 4965259.0 32
