1651497669169 0.8039933443069458 0
1651497672934 0.8018418550491333 1
1651497676715 0.8018418550491333 2
1651497680635 0.8084070086479187 3
1651497684506 0.8809438943862915 4
1651497688385 0.8938630819320679 5
1651497692217 0.8961652517318726 6
1651497696113 0.8976665139198303 7
1651497699974 0.8989875912666321 8
1651497703861 0.9005850553512573 9
1651497707735 0.9006938934326172 10
1651497711622 0.9032936096191406 11
1651497715462 0.9048797488212585 12
1651497719330 0.9068467020988464 13
1651497723222 0.908565104007721 14
1651497727108 0.9109238386154175 15
1651497730977 0.9135744571685791 16
1651497735076 0.9160058498382568 17
1651497738985 0.9185534715652466 18
1651497743099 0.9183055758476257 19
1651497747160 0.9200629591941833 20
1651497751170 0.9215283393859863 21
1651497755030 0.9217569828033447 22
1651497759063 0.9217016696929932 23
1651497763144 0.9225085377693176 24
1651497767003 0.9229506254196167 25
1651497771100 0.922821581363678 26
1651497774940 0.9230599403381348 27
1651497778739 0.9241583943367004 28
1651497782765 0.9234021306037903 29
1651497786565 0.9250279068946838 30
1651497790355 0.9236639142036438 31
1651497794182 0.9256824254989624 32
1651497797954 0.9256064295768738 33
1651497801729 0.9251538515090942 34
1651497805599 0.9244257211685181 35
1651497809437 0.9242989420890808 36
1651497813312 0.9250181913375854 37
1651497817176 0.9250574707984924 38
1651497821002 0.9262786507606506 39
1651497825064 0.9254885911941528 40
1651497828860 0.9256371855735779 41
1651497832660 0.9260386824607849 42
1651497836484 0.9270398020744324 43
1651497840292 0.9264631271362305 44
1651497844132 0.9278251528739929 45
1651497847927 0.9267171621322632 46
1651497851765 0.9263604879379272 47
1651497855575 0.9272600412368774 48
1651497859362 0.9266775846481323 49
1651497863180 0.9271065592765808 50
1651497867044 0.9269128441810608 51
1651497870859 0.9280809760093689 52
1651497874622 0.9271859526634216 53
1651497878628 0.9291445016860962 54
1651497882646 0.9287368655204773 55
1651497886435 0.928983747959137 56
1651497890473 0.9288355112075806 57
1651497894241 0.9285287261009216 58
1651497898072 0.9291873574256897 59
1651497901917 0.928537130355835 60
1651497905692 0.9292096495628357 61
1651497909545 0.928739607334137 62
1651497913377 0.9294800162315369 63
1651497917227 0.9284462928771973 64
1651497921063 0.9295332431793213 65
1651497925111 0.9297791719436646 66
1651497928941 0.9298580884933472 67
1651497932744 0.9296221733093262 68
1651497936514 0.928403913974762 69
1651497940310 0.9289716482162476 70
1651497944314 0.9293191432952881 71
1651497948141 0.930038571357727 72
1651497951961 0.9296383261680603 73
1651497955758 0.9296118021011353 74
1651497959575 0.9299106597900391 75
1651497963382 0.9299846887588501 76
1651497967241 0.9305359721183777 77
1651497971072 0.929815411567688 78
1651497974921 0.9308174848556519 79
1651497978795 0.9301722645759583 80
1651497982652 0.9298455119132996 81
1651497986704 0.9303753972053528 82
1651497990699 0.9304530024528503 83
1651497994497 0.9303643703460693 84
1651497998353 0.9303829669952393 85
1651498002199 0.9303779602050781 86
1651498006032 0.9303860664367676 87
1651498009821 0.9303423762321472 88
1651498013664 0.9318182468414307 89
1651498017424 0.9311871528625488 90
1651498021287 0.9310137629508972 91
1651498025096 0.9292985796928406 92
1651498028939 0.9308465719223022 93
1651498032729 0.9316109418869019 94
1651498036528 0.9310972094535828 95
1651498040360 0.9321464896202087 96
1651498044210 0.9299567341804504 97
1651498048047 0.93144291639328 98
1651498051822 0.931547224521637 99
1651498055662 0.9314119219779968 100
1651498059505 0.9303548336029053 101
1651498063290 0.9314373135566711 102
1651498067325 0.9313899278640747 103
1651498071119 0.9323843717575073 104
1651498074910 0.9325363636016846 105
1651498078917 0.9319377541542053 106
1651498082740 0.9310755729675293 107
1651498086579 0.9318265318870544 108
1651498090382 0.9322331547737122 109
1651498094221 0.9322108626365662 110
1651498097993 0.9315349459648132 111
1651498101808 0.9329466223716736 112
1651498105580 0.9325404167175293 113
1651498109390 0.9333728551864624 114
1651498113167 0.933068037033081 115
1651498116927 0.9323348999023438 116
1651498120687 0.9333512187004089 117
1651498124486 0.933002233505249 118
1651498128334 0.9332408905029297 119
1651498132156 0.933224081993103 120
1651498135934 0.9328434467315674 121
1651498139754 0.9326888918876648 122
1651498143567 0.9332166314125061 123
1651498147385 0.9325535297393799 124
1651498151162 0.9331831932067871 125
1651498154965 0.9322760105133057 126
1651498158796 0.9324480891227722 127
1651498162813 0.9329946637153625 128
1651498166584 0.9332058429718018 129
1651498170371 0.9324494004249573 130
1651498174158 0.9331523180007935 131
1651498177926 0.9319225549697876 132
1651498181757 0.9328216314315796 133
1651498185597 0.9326794743537903 134
1651498189429 0.9330316781997681 135
1651498193253 0.9327040910720825 136
1651498197058 0.932977020740509 137
1651498200830 0.9335567355155945 138
1651498204600 0.9337509274482727 139
1651498208429 0.9332818388938904 140
1651498212229 0.9343318939208984 141
1651498216056 0.9341000318527222 142
1651498219876 0.9347565770149231 143
1651498223659 0.9335077404975891 144
1651498227452 0.9308129549026489 145
1651498231235 0.9338616728782654 146
1651498235004 0.9330223202705383 147
1651498238826 0.9326754212379456 148
1651498242686 0.9329079985618591 149
1651498246529 0.9329548478126526 150
1651498250317 0.9329598546028137 151
1651498254358 0.93369060754776 152
1651498258192 0.9346936345100403 153
1651498261966 0.9340311288833618 154
1651498265791 0.9351751804351807 155
1651498269567 0.9348917603492737 156
1651498273363 0.9347255229949951 157
1651498277201 0.9337942600250244 158
1651498281029 0.9351428747177124 159
1651498284803 0.9341768622398376 160
1651498288587 0.9352321028709412 161
1651498292372 0.9344556331634521 162
1651498296151 0.9343025088310242 163
1651498299894 0.934246838092804 164
1651498303655 0.9347795248031616 165
1651498307461 0.934089183807373 166
1651498311249 0.932594895362854 167
1651498314990 0.9345568418502808 168
1651498318799 0.935297429561615 169
1651498322548 0.9353119730949402 170
1651498326298 0.9350241422653198 171
1651498330112 0.9343569874763489 172
1651498333849 0.9350008964538574 173
1651498337661 0.9332895874977112 174
1651498341415 0.9344019293785095 175
1651498345213 0.9344674348831177 176
1651498348972 0.9337759613990784 177
1651498352761 0.935631513595581 178
1651498356511 0.9348768591880798 179
1651498360279 0.9339995980262756 180
1651498364058 0.9355908036231995 181
1651498367884 0.9355099201202393 182
1651498419769 0.93369060754776 183
