1651497669169 0.6520988941192627 0
1651497672934 0.8342440724372864 1
1651497676715 0.8785223364830017 2
1651497680635 0.899299144744873 3
1651497684506 0.9066390991210938 4
1651497688385 0.9083459973335266 5
1651497692217 0.9097802042961121 6
1651497696113 0.9100796580314636 7
1651497699974 0.9140098690986633 8
1651497703861 0.9164906144142151 9
1651497707735 0.916837215423584 10
1651497711622 0.9184275269508362 11
1651497715462 0.9206442832946777 12
1651497719330 0.9232302308082581 13
1651497723222 0.9236013293266296 14
1651497727108 0.9307008981704712 15
1651497730977 0.9343773126602173 16
1651497735076 0.938726544380188 17
1651497738985 0.941100537776947 18
1651497743099 0.9418312311172485 19
1651497747160 0.9438657164573669 20
1651497751170 0.9458847045898438 21
1651497755030 0.9472271203994751 22
1651497759063 0.9486824870109558 23
1651497763144 0.9492933750152588 24
1651497767003 0.9490322470664978 25
1651497771100 0.950410783290863 26
1651497774940 0.9508458971977234 27
1651497778739 0.951604425907135 28
1651497782765 0.9524619579315186 29
1651497786565 0.9527384042739868 30
1651497790355 0.9516431093215942 31
1651497794182 0.9534860253334045 32
1651497797954 0.9533732533454895 33
1651497801729 0.9531705379486084 34
1651497805599 0.952557384967804 35
1651497809437 0.9513676166534424 36
1651497813312 0.9542840123176575 37
1651497817176 0.9531679153442383 38
1651497821002 0.9557136297225952 39
1651497825064 0.9547440409660339 40
1651497828860 0.9554192423820496 41
1651497832660 0.9547167420387268 42
1651497836484 0.9563561081886292 43
1651497840292 0.9564570784568787 44
1651497844132 0.9567661881446838 45
1651497847927 0.9572615623474121 46
1651497851765 0.9549528360366821 47
1651497855575 0.9569289088249207 48
1651497859362 0.9561929702758789 49
1651497863180 0.9556038975715637 50
1651497867044 0.9574148654937744 51
1651497870859 0.9574483036994934 52
1651497874622 0.957827627658844 53
1651497878628 0.9582207798957825 54
1651497882646 0.9589036703109741 55
1651497886435 0.9584260582923889 56
1651497890473 0.9579585790634155 57
1651497894241 0.9594405889511108 58
1651497898072 0.9591602087020874 59
1651497901917 0.9590962529182434 60
1651497905692 0.9590836763381958 61
1651497909545 0.9592967629432678 62
1651497913377 0.96001797914505 63
1651497917227 0.9595314264297485 64
1651497921063 0.9602925181388855 65
1651497925111 0.9599304795265198 66
1651497928941 0.9605579376220703 67
1651497932744 0.9591236114501953 68
1651497936514 0.9584669470787048 69
1651497940310 0.9573211669921875 70
1651497944314 0.9587298631668091 71
1651497948141 0.960597574710846 72
1651497951961 0.9605283141136169 73
1651497955758 0.9599510431289673 74
1651497959575 0.9593751430511475 75
1651497963382 0.9606162905693054 76
1651497967241 0.9615053534507751 77
1651497971072 0.9612589478492737 78
1651497974921 0.9608835577964783 79
1651497978795 0.9608590602874756 80
1651497982652 0.9600234627723694 81
1651497986704 0.9604693055152893 82
1651497990699 0.960801899433136 83
1651497994497 0.9613341689109802 84
1651497998353 0.9617180824279785 85
1651498002199 0.961000919342041 86
1651498006032 0.9606838226318359 87
1651498009821 0.9619911909103394 88
1651498013664 0.9625915288925171 89
1651498017424 0.9621248245239258 90
1651498021287 0.961054801940918 91
1651498025096 0.9600052237510681 92
1651498028939 0.9620112776756287 93
1651498032729 0.9624497294425964 94
1651498036528 0.9630722999572754 95
1651498040360 0.9626954197883606 96
1651498044210 0.9618167877197266 97
1651498048047 0.9624771475791931 98
1651498051822 0.9627377986907959 99
1651498055662 0.9633535146713257 100
1651498059505 0.9606271982192993 101
1651498063290 0.9617939591407776 102
1651498067325 0.9624897241592407 103
1651498071119 0.9631625413894653 104
1651498074910 0.9640017747879028 105
1651498078917 0.9625346064567566 106
1651498082740 0.9630861282348633 107
1651498086579 0.9636306166648865 108
1651498090382 0.9629706740379333 109
1651498094221 0.9635759592056274 110
1651498097993 0.9631873369216919 111
1651498101808 0.9638527631759644 112
1651498105580 0.9630715250968933 113
1651498109390 0.9648453593254089 114
1651498113167 0.9637896418571472 115
1651498116927 0.9637957811355591 116
1651498120687 0.9646300077438354 117
1651498124486 0.9637386798858643 118
1651498128334 0.9637572169303894 119
1651498132156 0.9646692276000977 120
1651498135934 0.9643879532814026 121
1651498139754 0.963691771030426 122
1651498143567 0.9644261598587036 123
1651498147385 0.9636501669883728 124
1651498151162 0.9651783108711243 125
1651498154965 0.9639630317687988 126
1651498158796 0.963546872138977 127
1651498162813 0.9638190865516663 128
1651498166584 0.964448869228363 129
1651498170371 0.9647107124328613 130
1651498174158 0.9634476900100708 131
1651498177926 0.9646302461624146 132
1651498181757 0.9641544222831726 133
1651498185597 0.9646753668785095 134
1651498189429 0.9645774364471436 135
1651498193253 0.9643535614013672 136
1651498197058 0.9649113416671753 137
1651498200830 0.9647672772407532 138
1651498204600 0.9648175239562988 139
1651498208429 0.9643144607543945 140
1651498212229 0.9657701253890991 141
1651498216056 0.9650214314460754 142
1651498219876 0.9658330082893372 143
1651498223659 0.9655390381813049 144
1651498227452 0.961287796497345 145
1651498231235 0.9653563499450684 146
1651498235004 0.9641068577766418 147
1651498238826 0.9639834761619568 148
1651498242686 0.9643275737762451 149
1651498246529 0.9653244018554688 150
1651498250317 0.9651610851287842 151
1651498254358 0.9654150009155273 152
1651498258192 0.9662272930145264 153
1651498261966 0.9656589031219482 154
1651498265791 0.9656890630722046 155
1651498269567 0.9654348492622375 156
1651498273363 0.9665302038192749 157
1651498277201 0.9661957025527954 158
1651498281029 0.9665991067886353 159
1651498284803 0.9656297564506531 160
1651498288587 0.9660797715187073 161
1651498292372 0.9666143655776978 162
1651498296151 0.9653825759887695 163
1651498299894 0.9659132957458496 164
1651498303655 0.96614670753479 165
1651498307461 0.9664449095726013 166
1651498311249 0.9644599556922913 167
1651498314990 0.966730535030365 168
1651498318799 0.9671348929405212 169
1651498322548 0.9661768674850464 170
1651498326298 0.9667755365371704 171
1651498330112 0.96628737449646 172
1651498333849 0.9661352634429932 173
1651498337661 0.9650081992149353 174
1651498341415 0.9659937024116516 175
1651498345213 0.9662528038024902 176
1651498348972 0.9654448628425598 177
1651498352761 0.9670838713645935 178
1651498356511 0.9676023721694946 179
1651498360279 0.9669736623764038 180
1651498364058 0.9675778746604919 181
1651498367884 0.967478334903717 182
1651498419769 0.9654150009155273 183
