1651497669169 461.0 0
1651497672934 0.0 1
1651497676715 0.0 2
1651497680635 9394.0 3
1651497684506 103892.0 4
1651497688385 135821.0 5
1651497692217 141157.0 6
1651497696113 163915.0 7
1651497699974 170390.0 8
1651497703861 168486.0 9
1651497707735 176760.0 10
1651497711622 174703.0 11
1651497715462 173797.0 12
1651497719330 174704.0 13
1651497723222 178649.0 14
1651497727108 185629.0 15
1651497730977 214713.0 16
1651497735076 197713.0 17
1651497738985 184843.0 18
1651497743099 185749.0 19
1651497747160 186071.0 20
1651497751170 181391.0 21
1651497755030 192908.0 22
1651497759063 188866.0 23
1651497763144 178238.0 24
1651497767003 184681.0 25
1651497771100 181300.0 26
1651497774940 185795.0 27
1651497778739 173286.0 28
1651497782765 185341.0 29
1651497786565 180163.0 30
1651497790355 181841.0 31
1651497794182 177003.0 32
1651497797954 177404.0 33
1651497801729 182928.0 34
1651497805599 178378.0 35
1651497809437 180785.0 36
1651497813312 180834.0 37
1651497817176 186771.0 38
1651497821002 171213.0 39
1651497825064 181039.0 40
1651497828860 177525.0 41
1651497832660 180441.0 42
1651497836484 179247.0 43
1651497840292 180551.0 44
1651497844132 178856.0 45
1651497847927 177552.0 46
1651497851765 179064.0 47
1651497855575 177885.0 48
1651497859362 181486.0 49
1651497863180 174110.0 50
1651497867044 178579.0 51
1651497870859 173054.0 52
1651497874622 183454.0 53
1651497878628 179874.0 54
1651497882646 174165.0 55
1651497886435 170632.0 56
1651497890473 180049.0 57
1651497894241 178938.0 58
1651497898072 174911.0 59
1651497901917 178290.0 60
1651497905692 173878.0 61
1651497909545 176246.0 62
1651497913377 178482.0 63
1651497917227 180210.0 64
1651497921063 172840.0 65
1651497925111 175402.0 66
1651497928941 177775.0 67
1651497932744 171407.0 68
1651497936514 177465.0 69
1651497940310 168125.0 70
1651497944314 186307.0 71
1651497948141 175577.0 72
1651497951961 174766.0 73
1651497955758 179829.0 74
1651497959575 171216.0 75
1651497963382 184004.0 76
1651497967241 175395.0 77
1651497971072 176706.0 78
1651497974921 179355.0 79
1651497978795 175058.0 80
1651497982652 176579.0 81
1651497986704 169696.0 82
1651497990699 178661.0 83
1651497994497 168493.0 84
1651497998353 174872.0 85
1651498002199 174950.0 86
1651498006032 177307.0 87
1651498009821 173118.0 88
1651498013664 173389.0 89
1651498017424 171496.0 90
1651498021287 176035.0 91
1651498025096 180207.0 92
1651498028939 176536.0 93
1651498032729 178431.0 94
1651498036528 171623.0 95
1651498040360 181507.0 96
1651498044210 171245.0 97
1651498048047 174923.0 98
1651498051822 178208.0 99
1651498055662 178675.0 100
1651498059505 170748.0 101
1651498063290 174059.0 102
1651498067325 174571.0 103
1651498071119 172575.0 104
1651498074910 176513.0 105
1651498078917 172034.0 106
1651498082740 175801.0 107
1651498086579 177331.0 108
1651498090382 173536.0 109
1651498094221 169141.0 110
1651498097993 177536.0 111
1651498101808 171319.0 112
1651498105580 172747.0 113
1651498109390 175955.0 114
1651498113167 171754.0 115
1651498116927 174934.0 116
1651498120687 174413.0 117
1651498124486 170332.0 118
1651498128334 176758.0 119
1651498132156 172486.0 120
1651498135934 173485.0 121
1651498139754 171265.0 122
1651498143567 171827.0 123
1651498147385 171007.0 124
1651498151162 176868.0 125
1651498154965 173927.0 126
1651498158796 176337.0 127
1651498162813 168734.0 128
1651498166584 176612.0 129
1651498170371 178809.0 130
1651498174158 173720.0 131
1651498177926 169735.0 132
1651498181757 172578.0 133
1651498185597 173184.0 134
1651498189429 172642.0 135
1651498193253 182898.0 136
1651498197058 169920.0 137
1651498200830 170819.0 138
1651498204600 176049.0 139
1651498208429 173677.0 140
1651498212229 174015.0 141
1651498216056 167493.0 142
1651498219876 176834.0 143
1651498223659 179086.0 144
1651498227452 171491.0 145
1651498231235 172088.0 146
1651498235004 170973.0 147
1651498238826 177146.0 148
1651498242686 169089.0 149
1651498246529 172706.0 150
1651498250317 173775.0 151
1651498254358 176398.0 152
1651498258192 170925.0 153
1651498261966 177862.0 154
1651498265791 167780.0 155
1651498269567 170001.0 156
1651498273363 168293.0 157
1651498277201 175277.0 158
1651498281029 169416.0 159
1651498284803 171661.0 160
1651498288587 170348.0 161
1651498292372 170984.0 162
1651498296151 172177.0 163
1651498299894 168492.0 164
1651498303655 177591.0 165
1651498307461 173370.0 166
1651498311249 176321.0 167
1651498314990 170612.0 168
1651498318799 172100.0 169
1651498322548 168732.0 170
1651498326298 174133.0 171
1651498330112 169406.0 172
1651498333849 166909.0 173
1651498337661 173794.0 174
1651498341415 172672.0 175
1651498345213 163922.0 176
1651498348972 182408.0 177
1651498352761 165630.0 178
1651498356511 175899.0 179
1651498360279 174625.0 180
1651498364058 173360.0 181
1651498367884 169476.0 182
1651498419769 176398.0 183
