1651497669169 1866501.0 0
1651497672934 1225448.0 1
1651497676715 1225448.0 2
1651497680635 1175454.0 3
1651497684506 632374.0 4
1651497688385 520550.0 5
1651497692217 500977.0 6
1651497696113 468935.0 7
1651497699974 454290.0 8
1651497703861 446315.0 9
1651497707735 437368.0 10
1651497711622 423348.0 11
1651497715462 414445.0 12
1651497719330 401374.0 13
1651497723222 386802.0 14
1651497727108 365235.0 15
1651497730977 319759.0 16
1651497735076 321723.0 17
1651497738985 318838.0 18
1651497743099 319465.0 19
1651497747160 308275.0 20
1651497751170 303893.0 21
1651497755030 290962.0 22
1651497759063 295346.0 23
1651497763144 300984.0 24
1651497767003 291807.0 25
1651497771100 295986.0 26
1651497774940 290017.0 27
1651497778739 295733.0 28
1651497782765 288355.0 29
1651497786565 283479.0 30
1651497790355 290236.0 31
1651497794182 282591.0 32
1651497797954 282660.0 33
1651497801729 279935.0 34
1651497805599 288988.0 35
1651497809437 287365.0 36
1651497813312 282868.0 37
1651497817176 276688.0 38
1651497821002 284694.0 39
1651497825064 279754.0 40
1651497828860 282349.0 41
1651497832660 276950.0 42
1651497836484 271953.0 43
1651497840292 274215.0 44
1651497844132 267487.0 45
1651497847927 275643.0 46
1651497851765 276337.0 47
1651497855575 271953.0 48
1651497859362 271954.0 49
1651497863180 276677.0 50
1651497867044 273406.0 51
1651497870859 271707.0 52
1651497874622 266842.0 53
1651497878628 258310.0 54
1651497882646 266540.0 55
1651497886435 268546.0 56
1651497890473 260046.0 57
1651497894241 263054.0 58
1651497898072 263008.0 59
1651497901917 263650.0 60
1651497905692 263903.0 61
1651497909545 264442.0 62
1651497913377 257627.0 63
1651497917227 262292.0 64
1651497921063 262940.0 65
1651497925111 258857.0 66
1651497928941 255996.0 67
1651497932744 263823.0 68
1651497936514 265299.0 69
1651497940310 271128.0 70
1651497944314 250797.0 71
1651497948141 257078.0 72
1651497951961 260364.0 73
1651497955758 255465.0 74
1651497959575 262230.0 75
1651497963382 248984.0 76
1651497967241 254184.0 77
1651497971072 257329.0 78
1651497974921 248483.0 79
1651497978795 256770.0 80
1651497982652 257270.0 81
1651497986704 260876.0 82
1651497990699 251431.0 83
1651497994497 262147.0 84
1651497998353 255653.0 85
1651498002199 255606.0 86
1651498006032 253199.0 87
1651498009821 257658.0 88
1651498013664 248260.0 89
1651498017424 254056.0 90
1651498021287 250589.0 91
1651498025096 257024.0 92
1651498028939 251122.0 93
1651498032729 244500.0 94
1651498036528 254485.0 95
1651498040360 238112.0 96
1651498044210 261916.0 97
1651498048047 249047.0 98
1651498051822 245117.0 99
1651498055662 245487.0 100
1651498059505 259951.0 101
1651498063290 249946.0 102
1651498067325 249727.0 103
1651498071119 245573.0 104
1651498074910 240695.0 105
1651498078917 248876.0 106
1651498082740 250441.0 107
1651498086579 244267.0 108
1651498090382 245547.0 109
1651498094221 250080.0 110
1651498097993 245865.0 111
1651498101808 243352.0 112
1651498105580 244436.0 113
1651498109390 236080.0 114
1651498113167 242166.0 115
1651498116927 243520.0 116
1651498120687 237756.0 117
1651498124486 243995.0 118
1651498128334 236093.0 119
1651498132156 240469.0 120
1651498135934 241824.0 121
1651498139754 245000.0 122
1651498143567 241174.0 123
1651498147385 246095.0 124
1651498151162 236340.0 125
1651498154965 244891.0 126
1651498158796 241417.0 127
1651498162813 245640.0 128
1651498166584 236456.0 129
1651498170371 238937.0 130
1651498174158 239679.0 131
1651498177926 251269.0 132
1651498181757 242866.0 133
1651498185597 243139.0 134
1651498189429 241503.0 135
1651498193253 233273.0 136
1651498197058 244563.0 137
1651498200830 240079.0 138
1651498204600 233648.0 139
1651498208429 238921.0 140
1651498212229 232089.0 141
1651498216056 240045.0 142
1651498219876 226644.0 143
1651498223659 232115.0 144
1651498227452 256375.0 145
1651498231235 236924.0 146
1651498235004 243230.0 147
1651498238826 239202.0 148
1651498242686 245821.0 149
1651498246529 241914.0 150
1651498250317 240814.0 151
1651498254358 233672.0 152
1651498258192 232942.0 153
1651498261966 230102.0 154
1651498265791 233109.0 155
1651498269567 232641.0 156
1651498273363 235377.0 157
1651498277201 234152.0 158
1651498281029 231673.0 159
1651498284803 235402.0 160
1651498288587 230189.0 161
1651498292372 234355.0 162
1651498296151 234109.0 163
1651498299894 238138.0 164
1651498303655 225745.0 165
1651498307461 234235.0 166
1651498311249 240525.0 167
1651498314990 234101.0 168
1651498318799 228033.0 169
1651498322548 231311.0 170
1651498326298 227690.0 171
1651498330112 236543.0 172
1651498333849 235058.0 173
1651498337661 238756.0 174
1651498341415 232999.0 175
1651498345213 241344.0 176
1651498348972 227134.0 177
1651498352761 232437.0 178
1651498356511 226835.0 179
1651498360279 233534.0 180
1651498364058 224959.0 181
1651498367884 229343.0 182
1651498419769 233672.0 183
