1651497669169 0.48011013865470886 0
1651497672934 0.3942390978336334 1
1651497676715 0.3456924557685852 2
1651497680635 0.3230578601360321 3
1651497684506 0.3143269419670105 4
1651497688385 0.31061115860939026 5
1651497692217 0.30832627415657043 6
1651497696113 0.3061339557170868 7
1651497699974 0.30099165439605713 8
1651497703861 0.29752448201179504 9
1651497707735 0.2962639331817627 10
1651497711622 0.2934854328632355 11
1651497715462 0.2895180284976959 12
1651497719330 0.28566446900367737 13
1651497723222 0.28418517112731934 14
1651497727108 0.273578405380249 15
1651497730977 0.2466483861207962 16
1651497735076 0.23197488486766815 17
1651497738985 0.22672903537750244 18
1651497743099 0.22568318247795105 19
1651497747160 0.22274447977542877 20
1651497751170 0.21802783012390137 21
1651497755030 0.21553604304790497 22
1651497759063 0.21351049840450287 23
1651497763144 0.2122313678264618 24
1651497767003 0.21182669699192047 25
1651497771100 0.21015122532844543 26
1651497774940 0.2085665911436081 27
1651497778739 0.20718485116958618 28
1651497782765 0.2062586396932602 29
1651497786565 0.2051394134759903 30
1651497790355 0.20705534517765045 31
1651497794182 0.20263144373893738 32
1651497797954 0.20274899899959564 33
1651497801729 0.20359240472316742 34
1651497805599 0.20488333702087402 35
1651497809437 0.2066441774368286 36
1651497813312 0.202192485332489 37
1651497817176 0.2033439725637436 38
1651497821002 0.1991071105003357 39
1651497825064 0.20061515271663666 40
1651497828860 0.20000116527080536 41
1651497832660 0.2004493623971939 42
1651497836484 0.19724395871162415 43
1651497840292 0.19712306559085846 44
1651497844132 0.1962936371564865 45
1651497847927 0.19607357680797577 46
1651497851765 0.19906757771968842 47
1651497855575 0.19630521535873413 48
1651497859362 0.19772475957870483 49
1651497863180 0.19750407338142395 50
1651497867044 0.19551953673362732 51
1651497870859 0.194588765501976 52
1651497874622 0.19502978026866913 53
1651497878628 0.19248166680335999 54
1651497882646 0.1918237805366516 55
1651497886435 0.19270294904708862 56
1651497890473 0.19243760406970978 57
1651497894241 0.19091683626174927 58
1651497898072 0.1909668892621994 59
1651497901917 0.19191743433475494 60
1651497905692 0.19084934890270233 61
1651497909545 0.19121438264846802 62
1651497913377 0.18974462151527405 63
1651497917227 0.19139716029167175 64
1651497921063 0.18950439989566803 65
1651497925111 0.18934205174446106 66
1651497928941 0.1887466013431549 67
1651497932744 0.19063232839107513 68
1651497936514 0.19229327142238617 69
1651497940310 0.19385473430156708 70
1651497944314 0.19161254167556763 71
1651497948141 0.18889158964157104 72
1651497951961 0.18869583308696747 73
1651497955758 0.18903638422489166 74
1651497959575 0.19049318134784698 75
1651497963382 0.18817409873008728 76
1651497967241 0.18654373288154602 77
1651497971072 0.1872996687889099 78
1651497974921 0.1869596540927887 79
1651497978795 0.18754473328590393 80
1651497982652 0.18919795751571655 81
1651497986704 0.18804918229579926 82
1651497990699 0.18723203241825104 83
1651497994497 0.18680013716220856 84
1651497998353 0.18607766926288605 85
1651498002199 0.18739362061023712 86
1651498006032 0.18766120076179504 87
1651498009821 0.1857234388589859 88
1651498013664 0.18386778235435486 89
1651498017424 0.18482865393161774 90
1651498021287 0.18679934740066528 91
1651498025096 0.18986207246780396 92
1651498028939 0.1854073703289032 93
1651498032729 0.18464645743370056 94
1651498036528 0.18367250263690948 95
1651498040360 0.1833503246307373 96
1651498044210 0.18663989007472992 97
1651498048047 0.1841655969619751 98
1651498051822 0.18374067544937134 99
1651498055662 0.18332615494728088 100
1651498059505 0.18790745735168457 101
1651498063290 0.18475311994552612 102
1651498067325 0.18386784195899963 103
1651498071119 0.18264491856098175 104
1651498074910 0.1810162365436554 105
1651498078917 0.18357214331626892 106
1651498082740 0.18332098424434662 107
1651498086579 0.1822201907634735 108
1651498090382 0.1828232705593109 109
1651498094221 0.18146784603595734 110
1651498097993 0.18289917707443237 111
1651498101808 0.18089796602725983 112
1651498105580 0.18207885324954987 113
1651498109390 0.1790032684803009 114
1651498113167 0.18100184202194214 115
1651498116927 0.1810997724533081 116
1651498120687 0.1792474091053009 117
1651498124486 0.1812363862991333 118
1651498128334 0.18099373579025269 119
1651498132156 0.17957283556461334 120
1651498135934 0.17967593669891357 121
1651498139754 0.18090680241584778 122
1651498143567 0.1796518713235855 123
1651498147385 0.18127845227718353 124
1651498151162 0.17860417068004608 125
1651498154965 0.18062849342823029 126
1651498158796 0.18206481635570526 127
1651498162813 0.1812114268541336 128
1651498166584 0.1797671765089035 129
1651498170371 0.17950496077537537 130
1651498174158 0.18091066181659698 131
1651498177926 0.18082593381404877 132
1651498181757 0.1800442934036255 133
1651498185597 0.1795589029788971 134
1651498189429 0.1794113665819168 135
1651498193253 0.18016816675662994 136
1651498197058 0.17894026637077332 137
1651498200830 0.17855489253997803 138
1651498204600 0.1787552386522293 139
1651498208429 0.17945830523967743 140
1651498212229 0.17653511464595795 141
1651498216056 0.17800059914588928 142
1651498219876 0.1763027161359787 143
1651498223659 0.17740638554096222 144
1651498227452 0.18545852601528168 145
1651498231235 0.17756392061710358 146
1651498235004 0.18024104833602905 147
1651498238826 0.18093523383140564 148
1651498242686 0.17977283895015717 149
1651498246529 0.17844803631305695 150
1651498250317 0.17827367782592773 151
1651498254358 0.17773841321468353 152
1651498258192 0.17551331222057343 153
1651498261966 0.17665839195251465 154
1651498265791 0.17574520409107208 155
1651498269567 0.1764575093984604 156
1651498273363 0.17501188814640045 157
1651498277201 0.17605642974376678 158
1651498281029 0.17468513548374176 159
1651498284803 0.17672860622406006 160
1651498288587 0.17542611062526703 161
1651498292372 0.17506718635559082 162
1651498296151 0.17668847739696503 163
1651498299894 0.17652857303619385 164
1651498303655 0.17563468217849731 165
1651498307461 0.17533224821090698 166
1651498311249 0.179542675614357 167
1651498314990 0.17447510361671448 168
1651498318799 0.1737445890903473 169
1651498322548 0.17507028579711914 170
1651498326298 0.17444097995758057 171
1651498330112 0.17510300874710083 172
1651498333849 0.17545737326145172 173
1651498337661 0.1785401552915573 174
1651498341415 0.17667870223522186 175
1651498345213 0.17559276521205902 176
1651498348972 0.17737078666687012 177
1651498352761 0.17388524115085602 178
1651498356511 0.172538623213768 179
1651498360279 0.17461813986301422 180
1651498364058 0.17236287891864777 181
1651498367884 0.17293351888656616 182
1651498419769 0.17773841321468353 183
