1651497669169 0.8040274977684021 0
1651497672934 0.8018418550491333 1
1651497676715 0.8018418550491333 2
1651497680635 0.8080829977989197 3
1651497684506 0.8847552537918091 4
1651497688385 0.9025821089744568 5
1651497692217 0.9058059453964233 6
1651497696113 0.9109126329421997 7
1651497699974 0.9133471846580505 8
1651497703861 0.9147696495056152 9
1651497707735 0.9162026047706604 10
1651497711622 0.9187024235725403 11
1651497715462 0.9202896952629089 12
1651497719330 0.9225955605506897 13
1651497723222 0.9251384139060974 14
1651497727108 0.928919792175293 15
1651497730977 0.93685382604599 16
1651497735076 0.9367030262947083 17
1651497738985 0.9373936057090759 18
1651497743099 0.9372670650482178 19
1651497747160 0.9393272399902344 20
1651497751170 0.940193235874176 21
1651497755030 0.9424611926078796 22
1651497759063 0.9416913986206055 23
1651497763144 0.9407685399055481 24
1651497767003 0.9423974752426147 25
1651497771100 0.9416595697402954 26
1651497774940 0.942717969417572 27
1651497778739 0.9417985081672668 28
1651497782765 0.9430326223373413 29
1651497786565 0.9439992904663086 30
1651497790355 0.9427219033241272 31
1651497794182 0.9441997408866882 32
1651497797954 0.9441824555397034 33
1651497801729 0.9446303844451904 34
1651497805599 0.9429931044578552 35
1651497809437 0.9432681798934937 36
1651497813312 0.9441058039665222 37
1651497817176 0.9451957941055298 38
1651497821002 0.9438719749450684 39
1651497825064 0.9446848630905151 40
1651497828860 0.9442391395568848 41
1651497832660 0.9452154040336609 42
1651497836484 0.9461633563041687 43
1651497840292 0.9457258582115173 44
1651497844132 0.9470047354698181 45
1651497847927 0.9454910159111023 46
1651497851765 0.9453449249267578 47
1651497855575 0.9461778998374939 48
1651497859362 0.9461393356323242 49
1651497863180 0.9453349113464355 50
1651497867044 0.9458984732627869 51
1651497870859 0.9462753534317017 52
1651497874622 0.9470775723457336 53
1651497878628 0.948719322681427 54
1651497882646 0.9472314715385437 55
1651497886435 0.9468926191329956 56
1651497890473 0.9483906626701355 57
1651497894241 0.9478363394737244 58
1651497898072 0.94788658618927 59
1651497901917 0.947731077671051 60
1651497905692 0.947729229927063 61
1651497909545 0.9476035237312317 62
1651497913377 0.9488621354103088 63
1651497917227 0.947966456413269 64
1651497921063 0.9479207396507263 65
1651497925111 0.9486618638038635 66
1651497928941 0.949176549911499 67
1651497932744 0.947769820690155 68
1651497936514 0.947429895401001 69
1651497940310 0.9464358687400818 70
1651497944314 0.9500725865364075 71
1651497948141 0.9489949345588684 72
1651497951961 0.9483849406242371 73
1651497955758 0.9492559432983398 74
1651497959575 0.948070764541626 75
1651497963382 0.950438380241394 76
1651497967241 0.9495419859886169 77
1651497971072 0.9489362239837646 78
1651497974921 0.9505788683891296 79
1651497978795 0.9490581750869751 80
1651497982652 0.9489486217498779 81
1651497986704 0.9483405947685242 82
1651497990699 0.9500287771224976 83
1651497994497 0.9481143355369568 84
1651497998353 0.9492704272270203 85
1651498002199 0.9492784738540649 86
1651498006032 0.9497085809707642 87
1651498009821 0.948910653591156 88
1651498013664 0.9506796002388 89
1651498017424 0.9496051073074341 90
1651498021287 0.9502137303352356 91
1651498025096 0.9489582180976868 92
1651498028939 0.9501081705093384 93
1651498032729 0.951341450214386 94
1651498036528 0.9495230317115784 95
1651498040360 0.9525233507156372 96
1651498044210 0.948129415512085 97
1651498048047 0.950515866279602 98
1651498051822 0.9512268304824829 99
1651498055662 0.9511522650718689 100
1651498059505 0.9485036134719849 101
1651498063290 0.9503546357154846 102
1651498067325 0.9503909349441528 103
1651498071119 0.951195240020752 104
1651498074910 0.9520807266235352 105
1651498078917 0.9505765438079834 106
1651498082740 0.9502440094947815 107
1651498086579 0.9513962268829346 108
1651498090382 0.9511908292770386 109
1651498094221 0.9503778219223022 110
1651498097993 0.9510918259620667 111
1651498101808 0.9516273736953735 112
1651498105580 0.9514085650444031 113
1651498109390 0.9529615044593811 114
1651498113167 0.9518476128578186 115
1651498116927 0.9515607953071594 116
1651498120687 0.95265793800354 117
1651498124486 0.951515257358551 118
1651498128334 0.9529514908790588 119
1651498132156 0.9521619081497192 120
1651498135934 0.9518957734107971 121
1651498139754 0.951316237449646 122
1651498143567 0.9520346522331238 123
1651498147385 0.9511117935180664 124
1651498151162 0.9529035687446594 125
1651498154965 0.9513111114501953 126
1651498158796 0.9519455432891846 127
1651498162813 0.9512197971343994 128
1651498166584 0.9528839588165283 129
1651498170371 0.9523922801017761 130
1651498174158 0.9522998929023743 131
1651498177926 0.950147807598114 132
1651498181757 0.9517071843147278 133
1651498185597 0.9516497254371643 134
1651498189429 0.9519646167755127 135
1651498193253 0.9534303545951843 136
1651498197058 0.9514118432998657 137
1651498200830 0.9522516131401062 138
1651498204600 0.9534226655960083 139
1651498208429 0.9524439573287964 140
1651498212229 0.9537377953529358 141
1651498216056 0.9522896409034729 142
1651498219876 0.9547486305236816 143
1651498223659 0.9536860585212708 144
1651498227452 0.9491685628890991 145
1651498231235 0.9528376460075378 146
1651498235004 0.951653778553009 147
1651498238826 0.9523577690124512 148
1651498242686 0.9511821866035461 149
1651498246529 0.9518861770629883 150
1651498250317 0.9520843029022217 151
1651498254358 0.9534148573875427 152
1651498258192 0.9536042213439941 153
1651498261966 0.9540804624557495 154
1651498265791 0.953601598739624 155
1651498269567 0.9536699652671814 156
1651498273363 0.9531665444374084 157
1651498277201 0.9533340334892273 158
1651498281029 0.9538592100143433 159
1651498284803 0.9531303644180298 160
1651498288587 0.9541326761245728 161
1651498292372 0.9533354043960571 162
1651498296151 0.9533710479736328 163
1651498299894 0.9526413083076477 164
1651498303655 0.9549131989479065 165
1651498307461 0.9533360004425049 166
1651498311249 0.9521147608757019 167
1651498314990 0.9533870816230774 168
1651498318799 0.9545269012451172 169
1651498322548 0.9539342522621155 170
1651498326298 0.9545737504959106 171
1651498330112 0.9529350399971008 172
1651498333849 0.953239917755127 173
1651498337661 0.9524741172790527 174
1651498341415 0.9535772800445557 175
1651498345213 0.9520778059959412 176
1651498348972 0.9546046853065491 177
1651498352761 0.9537489414215088 178
1651498356511 0.954720675945282 179
1651498360279 0.9534575343132019 180
1651498364058 0.9551010727882385 181
1651498367884 0.9543014764785767 182
1651498419769 0.9534148573875427 183
