1651497669169 0.9999397993087769 0
1651497672934 1.0 1
1651497676715 1.0 2
1651497680635 0.9981055855751038 3
1651497684506 0.9790487289428711 4
1651497688385 0.97260981798172 5
1651497692217 0.9715337157249451 6
1651497696113 0.9669442772865295 7
1651497699974 0.9656384587287903 8
1651497703861 0.9660224318504333 9
1651497707735 0.9643538594245911 10
1651497711622 0.9647687077522278 11
1651497715462 0.9649513959884644 12
1651497719330 0.9647684693336487 13
1651497723222 0.9639729261398315 14
1651497727108 0.9625653028488159 15
1651497730977 0.9567001461982727 16
1651497735076 0.9601284265518188 17
1651497738985 0.9627238512039185 18
1651497743099 0.9625411033630371 19
1651497747160 0.9624761939048767 20
1651497751170 0.9634199738502502 21
1651497755030 0.9610974192619324 22
1651497759063 0.9619125127792358 23
1651497763144 0.9640558362007141 24
1651497767003 0.9627565145492554 25
1651497771100 0.9634383320808411 26
1651497774940 0.9625318646430969 27
1651497778739 0.965054452419281 28
1651497782765 0.9626234173774719 29
1651497786565 0.963667631149292 30
1651497790355 0.9633291959762573 31
1651497794182 0.9643048644065857 32
1651497797954 0.9642239809036255 33
1651497801729 0.9631100296974182 34
1651497805599 0.9640275835990906 35
1651497809437 0.9635421633720398 36
1651497813312 0.9635322690010071 37
1651497817176 0.9623349905014038 38
1651497821002 0.9654725193977356 39
1651497825064 0.9634909629821777 40
1651497828860 0.9641996026039124 41
1651497832660 0.9636115431785583 42
1651497836484 0.9638523459434509 43
1651497840292 0.9635893702507019 44
1651497844132 0.9639312028884888 45
1651497847927 0.9641941785812378 46
1651497851765 0.9638892412185669 47
1651497855575 0.9641270041465759 48
1651497859362 0.9634008407592773 49
1651497863180 0.9648882746696472 50
1651497867044 0.9639870524406433 51
1651497870859 0.9651012420654297 52
1651497874622 0.963003933429718 53
1651497878628 0.9637259244918823 54
1651497882646 0.964877188205719 55
1651497886435 0.965589702129364 56
1651497890473 0.9636905789375305 57
1651497894241 0.9639146327972412 58
1651497898072 0.9647267460823059 59
1651497901917 0.9640453457832336 60
1651497905692 0.9649350643157959 61
1651497909545 0.9644575119018555 62
1651497913377 0.9640066027641296 63
1651497917227 0.9636581540107727 64
1651497921063 0.9651443958282471 65
1651497925111 0.964627742767334 66
1651497928941 0.9641491770744324 67
1651497932744 0.9654333591461182 68
1651497936514 0.9642117023468018 69
1651497940310 0.9660952687263489 70
1651497944314 0.9624285697937012 71
1651497948141 0.964592456817627 72
1651497951961 0.9647560119628906 73
1651497955758 0.9637349843978882 74
1651497959575 0.9654719233512878 75
1651497963382 0.962893009185791 76
1651497967241 0.9646291732788086 77
1651497971072 0.964364767074585 78
1651497974921 0.9638305306434631 79
1651497978795 0.9646971225738525 80
1651497982652 0.9643903970718384 81
1651497986704 0.9657784104347229 82
1651497990699 0.9639705419540405 83
1651497994497 0.9660210609436035 84
1651497998353 0.9647346138954163 85
1651498002199 0.9647188782691956 86
1651498006032 0.9642435908317566 87
1651498009821 0.9650883078575134 88
1651498013664 0.9650337100028992 89
1651498017424 0.9654154181480408 90
1651498021287 0.9645000696182251 91
1651498025096 0.9636587500572205 92
1651498028939 0.9643990397453308 93
1651498032729 0.9640169143676758 94
1651498036528 0.9653898477554321 95
1651498040360 0.9633965492248535 96
1651498044210 0.9654660820960999 97
1651498048047 0.9647243618965149 98
1651498051822 0.9640618562698364 99
1651498055662 0.9639676809310913 100
1651498059505 0.9655662775039673 101
1651498063290 0.9648985862731934 102
1651498067325 0.9647952914237976 103
1651498071119 0.9651978611946106 104
1651498074910 0.9644036889076233 105
1651498078917 0.9653069376945496 106
1651498082740 0.9645472764968872 107
1651498086579 0.964238703250885 108
1651498090382 0.965004026889801 109
1651498094221 0.9658903479576111 110
1651498097993 0.9641973972320557 111
1651498101808 0.9654511213302612 112
1651498105580 0.9651631712913513 113
1651498109390 0.9645162224769592 114
1651498113167 0.9653633832931519 115
1651498116927 0.9647220969200134 116
1651498120687 0.9648271799087524 117
1651498124486 0.965650200843811 118
1651498128334 0.9643542766571045 119
1651498132156 0.965215802192688 120
1651498135934 0.9650143384933472 121
1651498139754 0.9654620289802551 122
1651498143567 0.9653486609458923 123
1651498147385 0.965514063835144 124
1651498151162 0.964332103729248 125
1651498154965 0.9649251699447632 126
1651498158796 0.9644391536712646 127
1651498162813 0.9659724235534668 128
1651498166584 0.9643837213516235 129
1651498170371 0.9639406800270081 130
1651498174158 0.9649669528007507 131
1651498177926 0.9657705426216125 132
1651498181757 0.9651972651481628 133
1651498185597 0.9650750160217285 134
1651498189429 0.9651843309402466 135
1651498193253 0.9631160497665405 136
1651498197058 0.9657332301139832 137
1651498200830 0.9655519723892212 138
1651498204600 0.9644972681999207 139
1651498208429 0.9649755954742432 140
1651498212229 0.9649074673652649 141
1651498216056 0.9662227034568787 142
1651498219876 0.9643389582633972 143
1651498223659 0.9638848304748535 144
1651498227452 0.965416431427002 145
1651498231235 0.9652960300445557 146
1651498235004 0.9655209183692932 147
1651498238826 0.9642760157585144 148
1651498242686 0.9659008383750916 149
1651498246529 0.9651713967323303 150
1651498250317 0.9649558663368225 151
1651498254358 0.9644268751144409 152
1651498258192 0.9655305743217468 153
1651498261966 0.9641316533088684 154
1651498265791 0.9661648273468018 155
1651498269567 0.9657168984413147 156
1651498273363 0.9660613536834717 157
1651498277201 0.964652955532074 158
1651498281029 0.96583491563797 159
1651498284803 0.9653821587562561 160
1651498288587 0.9656469225883484 161
1651498292372 0.9655187129974365 162
1651498296151 0.9652780890464783 163
1651498299894 0.9660212397575378 164
1651498303655 0.9641863107681274 165
1651498307461 0.9650375247001648 166
1651498311249 0.9644424319267273 167
1651498314990 0.965593695640564 168
1651498318799 0.9652936458587646 169
1651498322548 0.9659728407859802 170
1651498326298 0.9648836255073547 171
1651498330112 0.9658369421958923 172
1651498333849 0.9663404822349548 173
1651498337661 0.9649519920349121 174
1651498341415 0.9651782512664795 175
1651498345213 0.9669428467750549 176
1651498348972 0.9632148742675781 177
1651498352761 0.966598391532898 178
1651498356511 0.9645274877548218 179
1651498360279 0.9647844433784485 180
1651498364058 0.9650395512580872 181
1651498367884 0.9658228158950806 182
1651498419769 0.9644268751144409 183
