1651497669169 230.0 0
1651497672934 0.0 1
1651497676715 0.0 2
1651497680635 49994.0 3
1651497684506 593074.0 4
1651497688385 704898.0 5
1651497692217 724471.0 6
1651497696113 756513.0 7
1651497699974 771158.0 8
1651497703861 779133.0 9
1651497707735 788080.0 10
1651497711622 802100.0 11
1651497715462 811003.0 12
1651497719330 824074.0 13
1651497723222 838646.0 14
1651497727108 860213.0 15
1651497730977 905689.0 16
1651497735076 903725.0 17
1651497738985 906610.0 18
1651497743099 905983.0 19
1651497747160 917173.0 20
1651497751170 921555.0 21
1651497755030 934486.0 22
1651497759063 930102.0 23
1651497763144 924464.0 24
1651497767003 933641.0 25
1651497771100 929462.0 26
1651497774940 935431.0 27
1651497778739 929715.0 28
1651497782765 937093.0 29
1651497786565 941969.0 30
1651497790355 935212.0 31
1651497794182 942857.0 32
1651497797954 942788.0 33
1651497801729 945513.0 34
1651497805599 936460.0 35
1651497809437 938083.0 36
1651497813312 942580.0 37
1651497817176 948760.0 38
1651497821002 940754.0 39
1651497825064 945694.0 40
1651497828860 943099.0 41
1651497832660 948498.0 42
1651497836484 953495.0 43
1651497840292 951233.0 44
1651497844132 957961.0 45
1651497847927 949805.0 46
1651497851765 949111.0 47
1651497855575 953495.0 48
1651497859362 953494.0 49
1651497863180 948771.0 50
1651497867044 952042.0 51
1651497870859 953741.0 52
1651497874622 958606.0 53
1651497878628 967138.0 54
1651497882646 958908.0 55
1651497886435 956902.0 56
1651497890473 965402.0 57
1651497894241 962394.0 58
1651497898072 962440.0 59
1651497901917 961798.0 60
1651497905692 961545.0 61
1651497909545 961006.0 62
1651497913377 967821.0 63
1651497917227 963156.0 64
1651497921063 962508.0 65
1651497925111 966591.0 66
1651497928941 969452.0 67
1651497932744 961625.0 68
1651497936514 960149.0 69
1651497940310 954320.0 70
1651497944314 974651.0 71
1651497948141 968370.0 72
1651497951961 965084.0 73
1651497955758 969983.0 74
1651497959575 963218.0 75
1651497963382 976464.0 76
1651497967241 971264.0 77
1651497971072 968119.0 78
1651497974921 976965.0 79
1651497978795 968678.0 80
1651497982652 968178.0 81
1651497986704 964572.0 82
1651497990699 974017.0 83
1651497994497 963301.0 84
1651497998353 969795.0 85
1651498002199 969842.0 86
1651498006032 972249.0 87
1651498009821 967790.0 88
1651498013664 977188.0 89
1651498017424 971392.0 90
1651498021287 974859.0 91
1651498025096 968424.0 92
1651498028939 974326.0 93
1651498032729 980948.0 94
1651498036528 970963.0 95
1651498040360 987336.0 96
1651498044210 963532.0 97
1651498048047 976401.0 98
1651498051822 980331.0 99
1651498055662 979961.0 100
1651498059505 965497.0 101
1651498063290 975502.0 102
1651498067325 975721.0 103
1651498071119 979875.0 104
1651498074910 984753.0 105
1651498078917 976572.0 106
1651498082740 975007.0 107
1651498086579 981181.0 108
1651498090382 979901.0 109
1651498094221 975368.0 110
1651498097993 979583.0 111
1651498101808 982096.0 112
1651498105580 981012.0 113
1651498109390 989368.0 114
1651498113167 983282.0 115
1651498116927 981928.0 116
1651498120687 987692.0 117
1651498124486 981453.0 118
1651498128334 989355.0 119
1651498132156 984979.0 120
1651498135934 983624.0 121
1651498139754 980448.0 122
1651498143567 984274.0 123
1651498147385 979353.0 124
1651498151162 989108.0 125
1651498154965 980557.0 126
1651498158796 984031.0 127
1651498162813 979808.0 128
1651498166584 988992.0 129
1651498170371 986511.0 130
1651498174158 985769.0 131
1651498177926 974179.0 132
1651498181757 982582.0 133
1651498185597 982309.0 134
1651498189429 983945.0 135
1651498193253 992175.0 136
1651498197058 980885.0 137
1651498200830 985369.0 138
1651498204600 991800.0 139
1651498208429 986527.0 140
1651498212229 993359.0 141
1651498216056 985403.0 142
1651498219876 998804.0 143
1651498223659 993333.0 144
1651498227452 969073.0 145
1651498231235 988524.0 146
1651498235004 982218.0 147
1651498238826 986246.0 148
1651498242686 979627.0 149
1651498246529 983534.0 150
1651498250317 984634.0 151
1651498254358 991776.0 152
1651498258192 992506.0 153
1651498261966 995346.0 154
1651498265791 992339.0 155
1651498269567 992807.0 156
1651498273363 990071.0 157
1651498277201 991296.0 158
1651498281029 993775.0 159
1651498284803 990046.0 160
1651498288587 995259.0 161
1651498292372 991093.0 162
1651498296151 991339.0 163
1651498299894 987310.0 164
1651498303655 999703.0 165
1651498307461 991213.0 166
1651498311249 984923.0 167
1651498314990 991347.0 168
1651498318799 997415.0 169
1651498322548 994137.0 170
1651498326298 997758.0 171
1651498330112 988905.0 172
1651498333849 990390.0 173
1651498337661 986692.0 174
1651498341415 992449.0 175
1651498345213 984104.0 176
1651498348972 998314.0 177
1651498352761 993011.0 178
1651498356511 998613.0 179
1651498360279 991914.0 180
1651498364058 1000489.0 181
1651498367884 996105.0 182
1651498419769 991776.0 183
