1651497669169 7657800.0 0
1651497672934 4958744.0 1
1651497676715 4958744.0 2
1651497680635 4949350.0 3
1651497684506 4854852.0 4
1651497688385 4822923.0 5
1651497692217 4817587.0 6
1651497696113 4794829.0 7
1651497699974 4788354.0 8
1651497703861 4790258.0 9
1651497707735 4781984.0 10
1651497711622 4784041.0 11
1651497715462 4784947.0 12
1651497719330 4784040.0 13
1651497723222 4780095.0 14
1651497727108 4773115.0 15
1651497730977 4744031.0 16
1651497735076 4761031.0 17
1651497738985 4773901.0 18
1651497743099 4772995.0 19
1651497747160 4772673.0 20
1651497751170 4777353.0 21
1651497755030 4765836.0 22
1651497759063 4769878.0 23
1651497763144 4780506.0 24
1651497767003 4774063.0 25
1651497771100 4777444.0 26
1651497774940 4772949.0 27
1651497778739 4785458.0 28
1651497782765 4773403.0 29
1651497786565 4778581.0 30
1651497790355 4776903.0 31
1651497794182 4781741.0 32
1651497797954 4781340.0 33
1651497801729 4775816.0 34
1651497805599 4780366.0 35
1651497809437 4777959.0 36
1651497813312 4777910.0 37
1651497817176 4771973.0 38
1651497821002 4787531.0 39
1651497825064 4777705.0 40
1651497828860 4781219.0 41
1651497832660 4778303.0 42
1651497836484 4779497.0 43
1651497840292 4778193.0 44
1651497844132 4779888.0 45
1651497847927 4781192.0 46
1651497851765 4779680.0 47
1651497855575 4780859.0 48
1651497859362 4777258.0 49
1651497863180 4784634.0 50
1651497867044 4780165.0 51
1651497870859 4785690.0 52
1651497874622 4775290.0 53
1651497878628 4778870.0 54
1651497882646 4784579.0 55
1651497886435 4788112.0 56
1651497890473 4778695.0 57
1651497894241 4779806.0 58
1651497898072 4783833.0 59
1651497901917 4780454.0 60
1651497905692 4784866.0 61
1651497909545 4782498.0 62
1651497913377 4780262.0 63
1651497917227 4778534.0 64
1651497921063 4785904.0 65
1651497925111 4783342.0 66
1651497928941 4780969.0 67
1651497932744 4787337.0 68
1651497936514 4781279.0 69
1651497940310 4790619.0 70
1651497944314 4772437.0 71
1651497948141 4783167.0 72
1651497951961 4783978.0 73
1651497955758 4778915.0 74
1651497959575 4787528.0 75
1651497963382 4774740.0 76
1651497967241 4783349.0 77
1651497971072 4782038.0 78
1651497974921 4779389.0 79
1651497978795 4783686.0 80
1651497982652 4782165.0 81
1651497986704 4789048.0 82
1651497990699 4780083.0 83
1651497994497 4790251.0 84
1651497998353 4783872.0 85
1651498002199 4783794.0 86
1651498006032 4781437.0 87
1651498009821 4785626.0 88
1651498013664 4785355.0 89
1651498017424 4787248.0 90
1651498021287 4782709.0 91
1651498025096 4778537.0 92
1651498028939 4782208.0 93
1651498032729 4780313.0 94
1651498036528 4787121.0 95
1651498040360 4777237.0 96
1651498044210 4787499.0 97
1651498048047 4783821.0 98
1651498051822 4780536.0 99
1651498055662 4780069.0 100
1651498059505 4787996.0 101
1651498063290 4784685.0 102
1651498067325 4784173.0 103
1651498071119 4786169.0 104
1651498074910 4782231.0 105
1651498078917 4786710.0 106
1651498082740 4782943.0 107
1651498086579 4781413.0 108
1651498090382 4785208.0 109
1651498094221 4789603.0 110
1651498097993 4781208.0 111
1651498101808 4787425.0 112
1651498105580 4785997.0 113
1651498109390 4782789.0 114
1651498113167 4786990.0 115
1651498116927 4783810.0 116
1651498120687 4784331.0 117
1651498124486 4788412.0 118
1651498128334 4781986.0 119
1651498132156 4786258.0 120
1651498135934 4785259.0 121
1651498139754 4787479.0 122
1651498143567 4786917.0 123
1651498147385 4787737.0 124
1651498151162 4781876.0 125
1651498154965 4784817.0 126
1651498158796 4782407.0 127
1651498162813 4790010.0 128
1651498166584 4782132.0 129
1651498170371 4779935.0 130
1651498174158 4785024.0 131
1651498177926 4789009.0 132
1651498181757 4786166.0 133
1651498185597 4785560.0 134
1651498189429 4786102.0 135
1651498193253 4775846.0 136
1651498197058 4788824.0 137
1651498200830 4787925.0 138
1651498204600 4782695.0 139
1651498208429 4785067.0 140
1651498212229 4784729.0 141
1651498216056 4791251.0 142
1651498219876 4781910.0 143
1651498223659 4779658.0 144
1651498227452 4787253.0 145
1651498231235 4786656.0 146
1651498235004 4787771.0 147
1651498238826 4781598.0 148
1651498242686 4789655.0 149
1651498246529 4786038.0 150
1651498250317 4784969.0 151
1651498254358 4782346.0 152
1651498258192 4787819.0 153
1651498261966 4780882.0 154
1651498265791 4790964.0 155
1651498269567 4788743.0 156
1651498273363 4790451.0 157
1651498277201 4783467.0 158
1651498281029 4789328.0 159
1651498284803 4787083.0 160
1651498288587 4788396.0 161
1651498292372 4787760.0 162
1651498296151 4786567.0 163
1651498299894 4790252.0 164
1651498303655 4781153.0 165
1651498307461 4785374.0 166
1651498311249 4782423.0 167
1651498314990 4788132.0 168
1651498318799 4786644.0 169
1651498322548 4790012.0 170
1651498326298 4784611.0 171
1651498330112 4789338.0 172
1651498333849 4791835.0 173
1651498337661 4784950.0 174
1651498341415 4786072.0 175
1651498345213 4794822.0 176
1651498348972 4776336.0 177
1651498352761 4793114.0 178
1651498356511 4782845.0 179
1651498360279 4784119.0 180
1651498364058 4785384.0 181
1651498367884 4789268.0 182
1651498419769 4782346.0 183
