1651500974850 0.6236751675605774 0
1651500976883 0.8206042051315308 1
1651500978701 0.8277210593223572 2
1651500980770 0.8333955407142639 3
1651500982841 0.8405024409294128 4
1651500984906 0.8451105952262878 5
1651500986956 0.8544626235961914 6
1651500988779 0.8621467351913452 7
1651500990830 0.8587773442268372 8
1651500992893 0.8672431707382202 9
1651500994712 0.8663430213928223 10
1651500996552 0.866864800453186 11
1651500998378 0.8757067322731018 12
1651501000437 0.8696675300598145 13
1651501002259 0.8769550919532776 14
1651501004074 0.8800472617149353 15
1651501006124 0.8789960145950317 16
1651501007939 0.8805298805236816 17
1651501009755 0.8834987878799438 18
1651501011824 0.8862364292144775 19
1651501013876 0.891755223274231 20
1651501015936 0.8920341730117798 21
1651501017986 0.8926173448562622 22
1651501020050 0.9017373323440552 23
1651501021860 0.9018256664276123 24
1651501023692 0.9057599902153015 25
1651501025526 0.9065122008323669 26
1651501027364 0.8978080749511719 27
1651501029415 0.91093510389328 28
1651501031244 0.9152762293815613 29
1651501033312 0.9155503511428833 30
1651501035131 0.912044882774353 31
1651501036983 0.9166956543922424 32
1651501038820 0.9130370616912842 33
1651501040677 0.9139551520347595 34
1651501042502 0.9176048636436462 35
1651501044331 0.9136818647384644 36
1651501046181 0.9156480431556702 37
1651501048021 0.9253787398338318 38
1651501050070 0.9307155013084412 39
1651501052130 0.918586254119873 40
1651501053958 0.9274616837501526 41
1651501055795 0.9223448038101196 42
1651501057629 0.9301314949989319 43
1651501059466 0.9174188375473022 44
1651501061307 0.9264482259750366 45
1651501063139 0.9183465242385864 46
1651501064973 0.9275662302970886 47
1651501066822 0.9336630702018738 48
1651501068656 0.9282232522964478 49
1651501070649 0.9238303899765015 50
1651501072476 0.9304726123809814 51
1651501074308 0.9330927133560181 52
1651501076157 0.9354466199874878 53
1651501077997 0.9390977621078491 54
1651501079832 0.9345299601554871 55
1651501081664 0.9351387023925781 56
1651501083734 0.9418224096298218 57
1651501085568 0.9457187056541443 58
1651501087410 0.9442552924156189 59
1651501089264 0.9458686709403992 60
1651501091090 0.9416167140007019 61
1651501093147 0.9441303014755249 62
1651501094983 0.9439348578453064 63
1651501096822 0.9403101205825806 64
1651501098655 0.9399297833442688 65
1651501100477 0.9363439083099365 66
1651501102541 0.9408696889877319 67
1651501104376 0.9458368420600891 68
1651501106214 0.94896000623703 69
1651501108044 0.949856698513031 70
1651501109889 0.9418706893920898 71
1651501111736 0.9444668889045715 72
1651501113565 0.9444484114646912 73
1651501115404 0.9455860257148743 74
1651501117458 0.9506188035011292 75
1651501119298 0.9491792917251587 76
1651501121140 0.949275553226471 77
1651501122975 0.946159839630127 78
1651501124833 0.9468978047370911 79
1651501126679 0.948008120059967 80
1651501128528 0.9482529759407043 81
1651501130367 0.9515226483345032 82
1651501132454 0.9526878595352173 83
1651501134313 0.9499865174293518 84
1651501136150 0.9501024484634399 85
1651501138002 0.9524018168449402 86
1651501139832 0.9525913000106812 87
1651501141677 0.9544313549995422 88
1651501143510 0.9558476209640503 89
1651501145614 0.9562625885009766 90
1651501147445 0.954129695892334 91
1651501149320 0.9546398520469666 92
1651501151149 0.9533743858337402 93
1651501152997 0.9558413624763489 94
1651501154834 0.9571889042854309 95
1651501156828 0.9538291692733765 96
1651501158648 0.9589284062385559 97
1651501160494 0.9589676260948181 98
1651501162343 0.9573420286178589 99
1651501164173 0.9585838913917542 100
1651501166051 0.9583313465118408 101
1651501167883 0.9594630002975464 102
1651501169745 0.9619240164756775 103
1651501171590 0.9573678374290466 104
1651501173430 0.9595891237258911 105
1651501175246 0.9582532048225403 106
1651501177268 0.9589806795120239 107
1651501179342 0.9587224721908569 108
1651501181182 0.9544722437858582 109
1651501183029 0.9581424593925476 110
1651501184863 0.9520850777626038 111
1651501186711 0.9566588401794434 112
1651501188539 0.9618405103683472 113
1651501190377 0.9602245092391968 114
1651501192234 0.9546142816543579 115
1651501194077 0.9610880613327026 116
1651501195912 0.9570872187614441 117
1651501197738 0.9616836905479431 118
1651501199573 0.9542288184165955 119
1651501201397 0.9597445130348206 120
1651501203253 0.9617063999176025 121
1651501205105 0.9620944261550903 122
1651501206931 0.9628840684890747 123
1651501208934 0.9622546434402466 124
1651501210757 0.9607528448104858 125
1651501212618 0.9586426615715027 126
1651501214445 0.9617232084274292 127
1651501216270 0.9611889123916626 128
1651501218094 0.9602043628692627 129
1651501219917 0.9630454182624817 130
1651501221769 0.9586548805236816 131
1651501223616 0.9596865177154541 132
1651501225429 0.9593002200126648 133
1651501227280 0.9643279314041138 134
1651501229271 0.9621447324752808 135
1651501231104 0.9658964276313782 136
1651501232937 0.9648227095603943 137
1651501234775 0.9609920382499695 138
1651501304453 0.9587224721908569 139
