1651500974850 0.8143112659454346 0
1651500976883 0.8612725734710693 1
1651500978701 0.8821438550949097 2
1651500980770 0.8891787528991699 3
1651500982841 0.8995634913444519 4
1651500984906 0.9100818634033203 5
1651500986956 0.9254198670387268 6
1651500988779 0.9333898425102234 7
1651500990830 0.9299747943878174 8
1651500992893 0.9359613060951233 9
1651500994712 0.9380224347114563 10
1651500996552 0.9373852014541626 11
1651500998378 0.9455111622810364 12
1651501000437 0.9368767738342285 13
1651501002259 0.9476341605186462 14
1651501004074 0.9486865997314453 15
1651501006124 0.9485101699829102 16
1651501007939 0.9474408030509949 17
1651501009755 0.9514151811599731 18
1651501011824 0.9599377512931824 19
1651501013876 0.9629268646240234 20
1651501015936 0.9624834656715393 21
1651501017986 0.962665319442749 22
1651501020050 0.9685088396072388 23
1651501021860 0.970214307308197 24
1651501023692 0.9722707867622375 25
1651501025526 0.9715011119842529 26
1651501027364 0.9659374952316284 27
1651501029415 0.9732577204704285 28
1651501031244 0.9767522811889648 29
1651501033312 0.9761622548103333 30
1651501035131 0.9760203957557678 31
1651501036983 0.9783445596694946 32
1651501038820 0.9744685292243958 33
1651501040677 0.9760432839393616 34
1651501042502 0.9790336489677429 35
1651501044331 0.9769700169563293 36
1651501046181 0.9775497317314148 37
1651501048021 0.9818852543830872 38
1651501050070 0.9825406074523926 39
1651501052130 0.9784901738166809 40
1651501053958 0.9825979471206665 41
1651501055795 0.9808658361434937 42
1651501057629 0.9818788766860962 43
1651501059466 0.9786604046821594 44
1651501061307 0.9798762798309326 45
1651501063139 0.9784551858901978 46
1651501064973 0.9827531576156616 47
1651501066822 0.984719455242157 48
1651501068656 0.9805489778518677 49
1651501070649 0.981083333492279 50
1651501072476 0.9839592576026917 51
1651501074308 0.9846447706222534 52
1651501076157 0.9858089685440063 53
1651501077997 0.986940860748291 54
1651501079832 0.9842652082443237 55
1651501081664 0.9856703281402588 56
1651501083734 0.986956000328064 57
1651501085568 0.9894108772277832 58
1651501087410 0.9884157776832581 59
1651501089264 0.9888305068016052 60
1651501091090 0.9880853891372681 61
1651501093147 0.9892802238464355 62
1651501094983 0.9894517660140991 63
1651501096822 0.9873201251029968 64
1651501098655 0.9881991147994995 65
1651501100477 0.9864700436592102 66
1651501102541 0.988328218460083 67
1651501104376 0.9887268543243408 68
1651501106214 0.989585280418396 69
1651501108044 0.9902438521385193 70
1651501109889 0.9892545342445374 71
1651501111736 0.9896230101585388 72
1651501113565 0.990044116973877 73
1651501115404 0.9893807768821716 74
1651501117458 0.9902418255805969 75
1651501119298 0.9903991222381592 76
1651501121140 0.9902851581573486 77
1651501122975 0.9895209074020386 78
1651501124833 0.9899497628211975 79
1651501126679 0.9905160069465637 80
1651501128528 0.9909439086914062 81
1651501130367 0.9920074939727783 82
1651501132454 0.9919965863227844 83
1651501134313 0.990684986114502 84
1651501136150 0.9915688037872314 85
1651501138002 0.9920762777328491 86
1651501139832 0.9921276569366455 87
1651501141677 0.99300616979599 88
1651501143510 0.9931316375732422 89
1651501145614 0.9933769106864929 90
1651501147445 0.9932160377502441 91
1651501149320 0.9924011826515198 92
1651501151149 0.9924280047416687 93
1651501152997 0.9930711388587952 94
1651501154834 0.9930172562599182 95
1651501156828 0.9925537705421448 96
1651501158648 0.9940332174301147 97
1651501160494 0.9938446879386902 98
1651501162343 0.9937017560005188 99
1651501164173 0.9938572645187378 100
1651501166051 0.9933087229728699 101
1651501167883 0.9942086338996887 102
1651501169745 0.9945156574249268 103
1651501171590 0.992983341217041 104
1651501173430 0.9933610558509827 105
1651501175246 0.993171215057373 106
1651501177268 0.9938110709190369 107
1651501179342 0.9940556883811951 108
1651501181182 0.9930657744407654 109
1651501183029 0.9928048849105835 110
1651501184863 0.9922422170639038 111
1651501186711 0.9933957457542419 112
1651501188539 0.9942412376403809 113
1651501190377 0.9943991303443909 114
1651501192234 0.9928855299949646 115
1651501194077 0.9945724606513977 116
1651501195912 0.9942398071289062 117
1651501197738 0.9943680763244629 118
1651501199573 0.9927918910980225 119
1651501201397 0.9942497611045837 120
1651501203253 0.9944036602973938 121
1651501205105 0.9945504665374756 122
1651501206931 0.994780957698822 123
1651501208934 0.9944401979446411 124
1651501210757 0.9947441220283508 125
1651501212618 0.994053065776825 126
1651501214445 0.9945235252380371 127
1651501216270 0.9947977662086487 128
1651501218094 0.9933870434761047 129
1651501219917 0.99421226978302 130
1651501221769 0.9939395189285278 131
1651501223616 0.9944484233856201 132
1651501225429 0.9939225912094116 133
1651501227280 0.9951995015144348 134
1651501229271 0.9947668313980103 135
1651501231104 0.99550861120224 136
1651501232937 0.9956918358802795 137
1651501234775 0.9950605034828186 138
1651501304453 0.9940556883811951 139
