1651500974850 81667.0 0
1651500976883 330032.0 1
1651500978701 298972.0 2
1651500980770 281706.0 3
1651500982841 259665.0 4
1651500984906 257027.0 5
1651500986956 269523.0 6
1651500988779 261381.0 7
1651500990830 303168.0 8
1651500992893 230504.0 9
1651500994712 283437.0 10
1651500996552 235425.0 11
1651500998378 193868.0 12
1651501000437 291915.0 13
1651501002259 237672.0 14
1651501004074 234475.0 15
1651501006124 237189.0 16
1651501007939 244732.0 17
1651501009755 220117.0 18
1651501011824 199369.0 19
1651501013876 208229.0 20
1651501015936 209662.0 21
1651501017986 202821.0 22
1651501020050 221499.0 23
1651501021860 213425.0 24
1651501023692 184368.0 25
1651501025526 191533.0 26
1651501027364 197642.0 27
1651501029415 177675.0 28
1651501031244 165945.0 29
1651501033312 182582.0 30
1651501035131 172788.0 31
1651501036983 166650.0 32
1651501038820 178005.0 33
1651501040677 164180.0 34
1651501042502 188302.0 35
1651501044331 170577.0 36
1651501046181 146558.0 37
1651501048021 133052.0 38
1651501050070 149483.0 39
1651501052130 159895.0 40
1651501053958 146211.0 41
1651501055795 151087.0 42
1651501057629 149301.0 43
1651501059466 158964.0 44
1651501061307 139807.0 45
1651501063139 162764.0 46
1651501064973 141691.0 47
1651501066822 133695.0 48
1651501068656 143160.0 49
1651501070649 161678.0 50
1651501072476 151275.0 51
1651501074308 144298.0 52
1651501076157 132840.0 53
1651501077997 119930.0 54
1651501079832 148068.0 55
1651501081664 135348.0 56
1651501083734 129951.0 57
1651501085568 119808.0 58
1651501087410 121354.0 59
1651501089264 119224.0 60
1651501091090 134136.0 61
1651501093147 119625.0 62
1651501094983 120477.0 63
1651501096822 119497.0 64
1651501098655 134028.0 65
1651501100477 127756.0 66
1651501102541 129576.0 67
1651501104376 121504.0 68
1651501106214 115769.0 69
1651501108044 113272.0 70
1651501109889 121488.0 71
1651501111736 142954.0 72
1651501113565 118424.0 73
1651501115404 115125.0 74
1651501117458 103981.0 75
1651501119298 116279.0 76
1651501121140 111141.0 77
1651501122975 134621.0 78
1651501124833 108131.0 79
1651501126679 125919.0 80
1651501128528 103324.0 81
1651501130367 112790.0 82
1651501132454 116078.0 83
1651501134313 104571.0 84
1651501136150 114519.0 85
1651501138002 105153.0 86
1651501139832 112645.0 87
1651501141677 96995.0 88
1651501143510 100817.0 89
1651501145614 101760.0 90
1651501147445 103281.0 91
1651501149320 106789.0 92
1651501151149 114545.0 93
1651501152997 99995.0 94
1651501154834 96345.0 95
1651501156828 115640.0 96
1651501158648 99262.0 97
1651501160494 98702.0 98
1651501162343 102191.0 99
1651501164173 95435.0 100
1651501166051 103859.0 101
1651501167883 89287.0 102
1651501169745 94426.0 103
1651501171590 99342.0 104
1651501173430 96263.0 105
1651501175246 98580.0 106
1651501177268 94905.0 107
1651501179342 98272.0 108
1651501181182 114860.0 109
1651501183029 96351.0 110
1651501184863 112592.0 111
1651501186711 98100.0 112
1651501188539 97124.0 113
1651501190377 93560.0 114
1651501192234 102243.0 115
1651501194077 91147.0 116
1651501195912 99578.0 117
1651501197738 95813.0 118
1651501199573 105782.0 119
1651501201397 98822.0 120
1651501203253 92131.0 121
1651501205105 95021.0 122
1651501206931 89539.0 123
1651501208934 95902.0 124
1651501210757 95516.0 125
1651501212618 103134.0 126
1651501214445 88495.0 127
1651501216270 99081.0 128
1651501218094 99280.0 129
1651501219917 86386.0 130
1651501221769 104833.0 131
1651501223616 94299.0 132
1651501225429 92344.0 133
1651501227280 85907.0 134
1651501229271 94699.0 135
1651501231104 84529.0 136
1651501232937 85441.0 137
1651501234775 94728.0 138
1651501304453 98272.0 139
