1651500974850 1239603.0 0
1651500976883 301530.0 1
1651500978701 307538.0 2
1651500980770 304827.0 3
1651500982841 301848.0 4
1651500984906 288263.0 5
1651500986956 242843.0 6
1651500988779 223933.0 7
1651500990830 194008.0 8
1651500992893 236868.0 9
1651500994712 187104.0 10
1651500996552 233279.0 11
1651500998378 243708.0 12
1651501000437 166922.0 13
1651501002259 195509.0 14
1651501004074 187820.0 15
1651501006124 188807.0 16
1651501007939 175864.0 17
1651501009755 190027.0 18
1651501011824 201137.0 19
1651501013876 172848.0 20
1651501015936 170433.0 21
1651501017986 175221.0 22
1651501020050 124436.0 23
1651501021860 132199.0 24
1651501023692 147405.0 25
1651501025526 137592.0 26
1651501027364 162126.0 27
1651501029415 135879.0 28
1651501031244 132326.0 29
1651501033312 114724.0 30
1651501035131 136859.0 31
1651501036983 126624.0 32
1651501038820 128149.0 33
1651501040677 138742.0 34
1651501042502 101771.0 35
1651501044331 133307.0 36
1651501046181 150404.0 37
1651501048021 129653.0 38
1651501050070 94434.0 39
1651501052130 126723.0 40
1651501053958 109161.0 41
1651501055795 122299.0 42
1651501057629 96672.0 43
1651501059466 131764.0 44
1651501061307 119133.0 45
1651501063139 124698.0 46
1651501064973 113313.0 47
1651501066822 99845.0 48
1651501068656 109531.0 49
1651501070649 106478.0 50
1651501072476 93497.0 51
1651501074308 91250.0 52
1651501076157 94421.0 53
1651501077997 94477.0 54
1651501079832 82420.0 55
1651501081664 92997.0 56
1651501083734 74864.0 57
1651501085568 71290.0 58
1651501087410 74896.0 59
1651501089264 71346.0 60
1651501091090 71403.0 61
1651501093147 77065.0 62
1651501094983 76901.0 63
1651501096822 90642.0 64
1651501098655 77450.0 65
1651501100477 96346.0 66
1651501102541 78593.0 67
1651501104376 69178.0 68
1651501106214 63918.0 69
1651501108044 63258.0 70
1651501109889 83157.0 71
1651501111736 52551.0 72
1651501113565 77146.0 73
1651501115404 76440.0 74
1651501117458 69866.0 75
1651501119298 62636.0 76
1651501121140 67435.0 77
1651501122975 54924.0 78
1651501124833 78816.0 79
1651501126679 57119.0 80
1651501128528 78852.0 81
1651501130367 57875.0 82
1651501132454 50485.0 83
1651501134313 71502.0 84
1651501136150 61146.0 85
1651501138002 62417.0 86
1651501139832 54258.0 87
1651501141677 63430.0 88
1651501143510 54622.0 89
1651501145614 52218.0 90
1651501147445 58206.0 91
1651501149320 52902.0 92
1651501151149 49601.0 93
1651501152997 55466.0 94
1651501154834 54372.0 95
1651501156828 46905.0 96
1651501158648 45331.0 97
1651501160494 45753.0 98
1651501162343 47987.0 99
1651501164173 50371.0 100
1651501166051 42836.0 101
1651501167883 53424.0 102
1651501169745 39621.0 103
1651501171590 50745.0 104
1651501173430 46004.0 105
1651501175246 48390.0 106
1651501177268 49504.0 107
1651501179342 47046.0 108
1651501181182 45421.0 109
1651501183029 51009.0 110
1651501184863 56093.0 111
1651501186711 54483.0 112
1651501188539 37217.0 113
1651501190377 46470.0 114
1651501192234 57538.0 115
1651501194077 45843.0 116
1651501195912 51497.0 117
1651501197738 39080.0 118
1651501199573 55356.0 119
1651501201397 42898.0 120
1651501203253 42682.0 121
1651501205105 38426.0 122
1651501206931 41128.0 123
1651501208934 36981.0 124
1651501210757 42654.0 125
1651501212618 42465.0 126
1651501214445 46259.0 127
1651501216270 37339.0 128
1651501218094 40821.0 129
1651501219917 43713.0 130
1651501221769 40723.0 131
1651501223616 47625.0 132
1651501225429 50940.0 133
1651501227280 39677.0 134
1651501229271 38571.0 135
1651501231104 35533.0 136
1651501232937 38401.0 137
1651501234775 42600.0 138
1651501304453 47046.0 139
