1651500974850 0.597185492515564 0
1651500976883 0.4754667580127716 1
1651500978701 0.42785879969596863 2
1651500980770 0.41176825761795044 3
1651500982841 0.3898155689239502 4
1651500984906 0.36660686135292053 5
1651500986956 0.3272370994091034 6
1651500988779 0.30566421151161194 7
1651500990830 0.30931034684181213 8
1651500992893 0.2939658463001251 9
1651500994712 0.2823508381843567 10
1651500996552 0.2927273213863373 11
1651500998378 0.26443642377853394 12
1651501000437 0.2889763414859772 13
1651501002259 0.26083841919898987 14
1651501004074 0.25838813185691833 15
1651501006124 0.2599615156650543 16
1651501007939 0.26226192712783813 17
1651501009755 0.2520178556442261 18
1651501011824 0.23348143696784973 19
1651501013876 0.2243300974369049 20
1651501015936 0.2246275246143341 21
1651501017986 0.22407174110412598 22
1651501020050 0.20624953508377075 23
1651501021860 0.20068323612213135 24
1651501023692 0.19580884277820587 25
1651501025526 0.19708991050720215 26
1651501027364 0.2225082963705063 27
1651501029415 0.19149325788021088 28
1651501031244 0.17865154147148132 29
1651501033312 0.17917770147323608 30
1651501035131 0.17762517929077148 31
1651501036983 0.1701759546995163 32
1651501038820 0.18399718403816223 33
1651501040677 0.17676012217998505 34
1651501042502 0.1678914874792099 35
1651501044331 0.1768716275691986 36
1651501046181 0.17150449752807617 37
1651501048021 0.15194927155971527 38
1651501050070 0.14906542003154755 39
1651501052130 0.16897156834602356 40
1651501053958 0.14673706889152527 41
1651501055795 0.15875642001628876 42
1651501057629 0.15682560205459595 43
1651501059466 0.16885285079479218 44
1651501061307 0.15877069532871246 45
1651501063139 0.17351676523685455 46
1651501064973 0.1534423828125 47
1651501066822 0.13880743086338043 48
1651501068656 0.1582891345024109 49
1651501070649 0.1616409420967102 50
1651501072476 0.14594757556915283 51
1651501074308 0.13833169639110565 52
1651501076157 0.13172359764575958 53
1651501077997 0.12613141536712646 54
1651501079832 0.13852085173130035 55
1651501081664 0.1333008110523224 56
1651501083734 0.12544989585876465 57
1651501085568 0.11123350262641907 58
1651501087410 0.1160600557923317 59
1651501089264 0.1131790280342102 60
1651501091090 0.12089798599481583 61
1651501093147 0.11497028172016144 62
1651501094983 0.11336542665958405 63
1651501096822 0.12372367829084396 64
1651501098655 0.12280067801475525 65
1651501100477 0.13218669593334198 66
1651501102541 0.11998367309570312 67
1651501104376 0.11588630080223083 68
1651501106214 0.10987534373998642 69
1651501108044 0.10632013529539108 70
1651501109889 0.11475076526403427 71
1651501111736 0.11448341608047485 72
1651501113565 0.10995243489742279 73
1651501115404 0.11227411031723022 74
1651501117458 0.10222821682691574 75
1651501119298 0.10451383143663406 76
1651501121140 0.1046350970864296 77
1651501122975 0.1140749454498291 78
1651501124833 0.10892393440008163 79
1651501126679 0.10675721615552902 80
1651501128528 0.10492728650569916 81
1651501130367 0.09686751663684845 82
1651501132454 0.09584682434797287 83
1651501134313 0.10438338667154312 84
1651501136150 0.09890519827604294 85
1651501138002 0.09573660045862198 86
1651501139832 0.09481984376907349 87
1651501141677 0.09041542559862137 88
1651501143510 0.08698172122240067 89
1651501145614 0.08603062480688095 90
1651501147445 0.08822065591812134 91
1651501149320 0.09378446638584137 92
1651501151149 0.09476087242364883 93
1651501152997 0.08828875422477722 94
1651501154834 0.08720248192548752 95
1651501156828 0.0926547646522522 96
1651501158648 0.07957753539085388 97
1651501160494 0.08051444590091705 98
1651501162343 0.08252798020839691 99
1651501164173 0.0826561227440834 100
1651501166051 0.08386281877756119 101
1651501167883 0.07952103018760681 102
1651501169745 0.07541213184595108 103
1651501171590 0.09187465161085129 104
1651501173430 0.08390732109546661 105
1651501175246 0.08579018712043762 106
1651501177268 0.082959845662117 107
1651501179342 0.08171502500772476 108
1651501181182 0.08934202045202255 109
1651501183029 0.0875408723950386 110
1651501184863 0.09569960087537766 111
1651501186711 0.08443468809127808 112
1651501188539 0.07855580002069473 113
1651501190377 0.08009633421897888 114
1651501192234 0.09029572457075119 115
1651501194077 0.07823283225297928 116
1651501195912 0.08124946802854538 117
1651501197738 0.07829239219427109 118
1651501199573 0.09217105060815811 119
1651501201397 0.07927748560905457 120
1651501203253 0.07742122560739517 121
1651501205105 0.07444785535335541 122
1651501206931 0.07194318622350693 123
1651501208934 0.07528194040060043 124
1651501210757 0.07469259202480316 125
1651501212618 0.08109229803085327 126
1651501214445 0.07541569322347641 127
1651501216270 0.07704799622297287 128
1651501218094 0.08215328305959702 129
1651501219917 0.07536719739437103 130
1651501221769 0.08169692009687424 131
1651501223616 0.0786166861653328 132
1651501225429 0.0819290429353714 133
1651501227280 0.06872029602527618 134
1651501229271 0.07291988283395767 135
1651501231104 0.06512048840522766 136
1651501232937 0.06602431833744049 137
1651501234775 0.07356226444244385 138
1651501304453 0.08171502500772476 139
