1651500974850 0.5978043079376221 0
1651500976883 0.8409358859062195 1
1651500978701 0.8408780694007874 2
1651500980770 0.8434596061706543 3
1651500982841 0.8464921712875366 4
1651500984906 0.8525802493095398 5
1651500986956 0.8720176815986633 6
1651500988779 0.881309986114502 7
1651500990830 0.8931081295013428 8
1651500992893 0.8773033618927002 9
1651500994712 0.8976354598999023 10
1651500996552 0.8786274194717407 11
1651500998378 0.8765406012535095 12
1651501000437 0.9072222709655762 13
1651501002259 0.8961158394813538 14
1651501004074 0.8999626040458679 15
1651501006124 0.8993443250656128 16
1651501007939 0.9052091836929321 17
1651501009755 0.899672269821167 18
1651501011824 0.8955631852149963 19
1651501013876 0.908486545085907 20
1651501015936 0.9095809459686279 21
1651501017986 0.9076108336448669 22
1651501020050 0.9318938851356506 23
1651501021860 0.9282668232917786 24
1651501023692 0.9218918085098267 25
1651501025526 0.9264297485351562 26
1651501027364 0.9141571521759033 27
1651501029415 0.9278144240379333 28
1651501031244 0.9300060272216797 29
1651501033312 0.9381973147392273 30
1651501035131 0.9275197386741638 31
1651501036983 0.9327943325042725 32
1651501038820 0.9316282272338867 33
1651501040677 0.9269284605979919 34
1651501042502 0.9446181058883667 35
1651501044331 0.9293506741523743 36
1651501046181 0.9219895601272583 37
1651501048021 0.9324989318847656 38
1651501050070 0.9494763016700745 39
1651501052130 0.9329856038093567 40
1651501053958 0.9421541690826416 41
1651501055795 0.935474693775177 42
1651501057629 0.9483458399772644 43
1651501059466 0.9305391311645508 44
1651501061307 0.9374130368232727 45
1651501063139 0.9338853359222412 46
1651501064973 0.9402286410331726 47
1651501066822 0.947180449962616 48
1651501068656 0.9420631527900696 49
1651501070649 0.9430279731750488 50
1651501072476 0.9499045014381409 51
1651501074308 0.9512320160865784 52
1651501076157 0.9499287605285645 53
1651501077997 0.950241208076477 54
1651501079832 0.9556525349617004 55
1651501081664 0.950580894947052 56
1651501083734 0.959945797920227 57
1651501085568 0.961991548538208 58
1651501087410 0.9601128101348877 59
1651501089264 0.9619746804237366 60
1651501091090 0.9616405963897705 61
1651501093147 0.9590426683425903 62
1651501094983 0.9591077566146851 63
1651501096822 0.9521753191947937 64
1651501098655 0.9585291147232056 65
1651501100477 0.9490971565246582 66
1651501102541 0.9580428004264832 67
1651501104376 0.9630424976348877 68
1651501106214 0.9658612608909607 69
1651501108044 0.9662469029426575 70
1651501109889 0.9559041261672974 71
1651501111736 0.9713423252105713 72
1651501113565 0.9590275287628174 73
1651501115404 0.9594583511352539 74
1651501117458 0.9630346298217773 75
1651501119298 0.9665139317512512 76
1651501121140 0.9641388654708862 77
1651501122975 0.9702221155166626 78
1651501124833 0.9584048986434937 79
1651501126679 0.9692139625549316 80
1651501128528 0.9584919810295105 81
1651501130367 0.969038188457489 82
1651501132454 0.9728364944458008 83
1651501134313 0.9621899127960205 84
1651501136150 0.9673152565956116 85
1651501138002 0.966824471950531 86
1651501139832 0.9709191918373108 87
1651501141677 0.9664496183395386 88
1651501143510 0.9709141254425049 89
1651501145614 0.972144603729248 90
1651501147445 0.9690241813659668 91
1651501149320 0.971714198589325 92
1651501151149 0.9733214378356934 93
1651501152997 0.9704909324645996 94
1651501154834 0.9711121916770935 95
1651501156828 0.9747200012207031 96
1651501158648 0.9757617115974426 97
1651501160494 0.9755489230155945 98
1651501162343 0.9743378162384033 99
1651501164173 0.9731939435005188 100
1651501166051 0.977008581161499 101
1651501167883 0.9717077612876892 102
1651501169745 0.978804886341095 103
1651501171590 0.9729440212249756 104
1651501173430 0.9754500389099121 105
1651501175246 0.9741777181625366 106
1651501177268 0.9736505746841431 107
1651501179342 0.9748810529708862 108
1651501181182 0.9755105376243591 109
1651501183029 0.9728503823280334 110
1651501184863 0.9699660539627075 111
1651501186711 0.9710279703140259 112
1651501188539 0.9800364375114441 113
1651501190377 0.9752432107925415 114
1651501192234 0.9693856835365295 115
1651501194077 0.9756004810333252 116
1651501195912 0.972550630569458 117
1651501197738 0.9790727496147156 118
1651501199573 0.9704567193984985 119
1651501201397 0.9770381450653076 120
1651501203253 0.9772326946258545 121
1651501205105 0.9794244766235352 122
1651501206931 0.9780737161636353 123
1651501208934 0.9801735281944275 124
1651501210757 0.9772061109542847 125
1651501212618 0.9772120118141174 126
1651501214445 0.9754192233085632 127
1651501216270 0.9799512624740601 128
1651501218094 0.9781202077865601 129
1651501219917 0.9767667055130005 130
1651501221769 0.9781064391136169 131
1651501223616 0.974633514881134 132
1651501225429 0.9729438424110413 133
1651501227280 0.9788718819618225 134
1651501229271 0.9793519973754883 135
1651501231104 0.9810506701469421 136
1651501232937 0.9795424938201904 137
1651501234775 0.9772439002990723 138
1651501304453 0.9748810529708862 139
