1651500974850 0.9575569033622742 0
1651500976883 0.8284793496131897 1
1651500978701 0.844621479511261 2
1651500980770 0.8535947799682617 3
1651500982841 0.8650497198104858 4
1651500984906 0.8664206862449646 5
1651500986956 0.8599264025688171 6
1651500988779 0.8641579151153564 7
1651500990830 0.8424407839775085 8
1651500992893 0.880204975605011 9
1651500994712 0.8526951670646667 10
1651500996552 0.8776474595069885 11
1651500998378 0.899245023727417 12
1651501000437 0.8482890725135803 13
1651501002259 0.8764796853065491 14
1651501004074 0.8781411647796631 15
1651501006124 0.8767306804656982 16
1651501007939 0.8728105425834656 17
1651501009755 0.8856031894683838 18
1651501011824 0.8963860869407654 19
1651501013876 0.8917814493179321 20
1651501015936 0.8910367488861084 21
1651501017986 0.8945920467376709 22
1651501020050 0.8848849534988403 23
1651501021860 0.8890810608863831 24
1651501023692 0.9041822552680969 25
1651501025526 0.9004585146903992 26
1651501027364 0.8972836136817932 27
1651501029415 0.9076606631278992 28
1651501031244 0.9137568473815918 29
1651501033312 0.9051104784011841 30
1651501035131 0.9102004766464233 31
1651501036983 0.9133904576301575 32
1651501038820 0.9074891805648804 33
1651501040677 0.9146741628646851 34
1651501042502 0.9021376967430115 35
1651501044331 0.9113495945930481 36
1651501046181 0.9238324761390686 37
1651501048021 0.9308516383171082 38
1651501050070 0.922312319278717 39
1651501052130 0.9169011116027832 40
1651501053958 0.9240127801895142 41
1651501055795 0.9214786887168884 42
1651501057629 0.9224069118499756 43
1651501059466 0.917384922504425 44
1651501061307 0.9273410439491272 45
1651501063139 0.915410041809082 46
1651501064973 0.9263618588447571 47
1651501066822 0.9305174946784973 48
1651501068656 0.9255984425544739 49
1651501070649 0.9159744381904602 50
1651501072476 0.9213809967041016 51
1651501074308 0.9250069856643677 52
1651501076157 0.9309618473052979 53
1651501077997 0.9376713037490845 54
1651501079832 0.9230477213859558 55
1651501081664 0.9296584129333496 56
1651501083734 0.9324632883071899 57
1651501085568 0.9377346634864807 58
1651501087410 0.9369311928749084 59
1651501089264 0.938038170337677 60
1651501091090 0.9302883148193359 61
1651501093147 0.9378297924995422 62
1651501094983 0.9373869895935059 63
1651501096822 0.9378963112831116 64
1651501098655 0.9303444027900696 65
1651501100477 0.9336040616035461 66
1651501102541 0.9326581358909607 67
1651501104376 0.9368532299995422 68
1651501106214 0.9398337602615356 69
1651501108044 0.9411314725875854 70
1651501109889 0.9368615746498108 71
1651501111736 0.9257054924964905 72
1651501113565 0.9384539723396301 73
1651501115404 0.9401684999465942 74
1651501117458 0.9459601044654846 75
1651501119298 0.9395687580108643 76
1651501121140 0.942238986492157 77
1651501122975 0.9300362467765808 78
1651501124833 0.9438033103942871 79
1651501126679 0.9345587491989136 80
1651501128528 0.9463015794754028 81
1651501130367 0.9413819909095764 82
1651501132454 0.9396731853485107 83
1651501134313 0.94565349817276 84
1651501136150 0.9404834508895874 85
1651501138002 0.9453510046005249 86
1651501139832 0.9414573311805725 87
1651501141677 0.949590802192688 88
1651501143510 0.9476044774055481 89
1651501145614 0.9471144080162048 90
1651501147445 0.9463239312171936 91
1651501149320 0.9445008039474487 92
1651501151149 0.9404699206352234 93
1651501152997 0.9480316638946533 94
1651501154834 0.9499286413192749 95
1651501156828 0.939900815486908 96
1651501158648 0.9484125971794128 97
1651501160494 0.9487036466598511 98
1651501162343 0.9468904137611389 99
1651501164173 0.9504015445709229 100
1651501166051 0.9460235238075256 101
1651501167883 0.9535967111587524 102
1651501169745 0.9509259462356567 103
1651501171590 0.9483710527420044 104
1651501173430 0.9499712586402893 105
1651501175246 0.9487670660018921 106
1651501177268 0.9506769776344299 107
1651501179342 0.9489271640777588 108
1651501181182 0.9403061866760254 109
1651501183029 0.9499254822731018 110
1651501184863 0.9414849281311035 111
1651501186711 0.9490165114402771 112
1651501188539 0.9495237469673157 113
1651501190377 0.9513760209083557 114
1651501192234 0.9468633532524109 115
1651501194077 0.9526300430297852 116
1651501195912 0.9482483863830566 117
1651501197738 0.9502050876617432 118
1651501199573 0.9450241327285767 119
1651501201397 0.948641300201416 120
1651501203253 0.9521186947822571 121
1651501205105 0.950616717338562 122
1651501206931 0.9534657597541809 123
1651501208934 0.9501588344573975 124
1651501210757 0.9503594636917114 125
1651501212618 0.9464002847671509 126
1651501214445 0.9540083408355713 127
1651501216270 0.9485067129135132 128
1651501218094 0.9484032988548279 129
1651501219917 0.955104410648346 130
1651501221769 0.9455173015594482 131
1651501223616 0.9509919285774231 132
1651501225429 0.9520079493522644 133
1651501227280 0.955353319644928 134
1651501229271 0.9507840871810913 135
1651501231104 0.9560695290565491 136
1651501232937 0.9555955529212952 137
1651501234775 0.9507690072059631 138
1651501304453 0.9489271640777588 139
