1651500974850 356756.0 0
1651500976883 1294829.0 1
1651500978701 1288821.0 2
1651500980770 1291532.0 3
1651500982841 1294511.0 4
1651500984906 1308096.0 5
1651500986956 1353516.0 6
1651500988779 1372426.0 7
1651500990830 1402351.0 8
1651500992893 1359491.0 9
1651500994712 1409255.0 10
1651500996552 1363080.0 11
1651500998378 1352651.0 12
1651501000437 1429437.0 13
1651501002259 1400850.0 14
1651501004074 1408539.0 15
1651501006124 1407552.0 16
1651501007939 1420495.0 17
1651501009755 1406332.0 18
1651501011824 1395222.0 19
1651501013876 1423511.0 20
1651501015936 1425926.0 21
1651501017986 1421138.0 22
1651501020050 1471923.0 23
1651501021860 1464160.0 24
1651501023692 1448954.0 25
1651501025526 1458767.0 26
1651501027364 1434233.0 27
1651501029415 1460480.0 28
1651501031244 1464033.0 29
1651501033312 1481635.0 30
1651501035131 1459500.0 31
1651501036983 1469735.0 32
1651501038820 1468210.0 33
1651501040677 1457617.0 34
1651501042502 1494588.0 35
1651501044331 1463052.0 36
1651501046181 1445955.0 37
1651501048021 1466706.0 38
1651501050070 1501925.0 39
1651501052130 1469636.0 40
1651501053958 1487198.0 41
1651501055795 1474060.0 42
1651501057629 1499687.0 43
1651501059466 1464595.0 44
1651501061307 1477226.0 45
1651501063139 1471661.0 46
1651501064973 1483046.0 47
1651501066822 1496514.0 48
1651501068656 1486828.0 49
1651501070649 1489881.0 50
1651501072476 1502862.0 51
1651501074308 1505109.0 52
1651501076157 1501938.0 53
1651501077997 1501882.0 54
1651501079832 1513939.0 55
1651501081664 1503362.0 56
1651501083734 1521495.0 57
1651501085568 1525069.0 58
1651501087410 1521463.0 59
1651501089264 1525013.0 60
1651501091090 1524956.0 61
1651501093147 1519294.0 62
1651501094983 1519458.0 63
1651501096822 1505717.0 64
1651501098655 1518909.0 65
1651501100477 1500013.0 66
1651501102541 1517766.0 67
1651501104376 1527181.0 68
1651501106214 1532441.0 69
1651501108044 1533101.0 70
1651501109889 1513202.0 71
1651501111736 1543808.0 72
1651501113565 1519213.0 73
1651501115404 1519919.0 74
1651501117458 1526493.0 75
1651501119298 1533723.0 76
1651501121140 1528924.0 77
1651501122975 1541435.0 78
1651501124833 1517543.0 79
1651501126679 1539240.0 80
1651501128528 1517507.0 81
1651501130367 1538484.0 82
1651501132454 1545874.0 83
1651501134313 1524857.0 84
1651501136150 1535213.0 85
1651501138002 1533942.0 86
1651501139832 1542101.0 87
1651501141677 1532929.0 88
1651501143510 1541737.0 89
1651501145614 1544141.0 90
1651501147445 1538153.0 91
1651501149320 1543457.0 92
1651501151149 1546758.0 93
1651501152997 1540893.0 94
1651501154834 1541987.0 95
1651501156828 1549454.0 96
1651501158648 1551028.0 97
1651501160494 1550606.0 98
1651501162343 1548372.0 99
1651501164173 1545988.0 100
1651501166051 1553523.0 101
1651501167883 1542935.0 102
1651501169745 1556738.0 103
1651501171590 1545614.0 104
1651501173430 1550355.0 105
1651501175246 1547969.0 106
1651501177268 1546855.0 107
1651501179342 1549313.0 108
1651501181182 1550938.0 109
1651501183029 1545350.0 110
1651501184863 1540266.0 111
1651501186711 1541876.0 112
1651501188539 1559142.0 113
1651501190377 1549889.0 114
1651501192234 1538821.0 115
1651501194077 1550516.0 116
1651501195912 1544862.0 117
1651501197738 1557279.0 118
1651501199573 1541003.0 119
1651501201397 1553461.0 120
1651501203253 1553677.0 121
1651501205105 1557933.0 122
1651501206931 1555231.0 123
1651501208934 1559378.0 124
1651501210757 1553705.0 125
1651501212618 1553894.0 126
1651501214445 1550100.0 127
1651501216270 1559020.0 128
1651501218094 1555538.0 129
1651501219917 1552646.0 130
1651501221769 1555636.0 131
1651501223616 1548734.0 132
1651501225429 1545419.0 133
1651501227280 1556682.0 134
1651501229271 1557788.0 135
1651501231104 1560826.0 136
1651501232937 1557958.0 137
1651501234775 1553759.0 138
1651501304453 1549313.0 139
