1651500974850 1842486.0 0
1651500976883 1594121.0 1
1651500978701 1625181.0 2
1651500980770 1642447.0 3
1651500982841 1664488.0 4
1651500984906 1667126.0 5
1651500986956 1654630.0 6
1651500988779 1662772.0 7
1651500990830 1620985.0 8
1651500992893 1693649.0 9
1651500994712 1640716.0 10
1651500996552 1688728.0 11
1651500998378 1730285.0 12
1651501000437 1632238.0 13
1651501002259 1686481.0 14
1651501004074 1689678.0 15
1651501006124 1686964.0 16
1651501007939 1679421.0 17
1651501009755 1704036.0 18
1651501011824 1724784.0 19
1651501013876 1715924.0 20
1651501015936 1714491.0 21
1651501017986 1721332.0 22
1651501020050 1702654.0 23
1651501021860 1710728.0 24
1651501023692 1739785.0 25
1651501025526 1732620.0 26
1651501027364 1726511.0 27
1651501029415 1746478.0 28
1651501031244 1758208.0 29
1651501033312 1741571.0 30
1651501035131 1751365.0 31
1651501036983 1757503.0 32
1651501038820 1746148.0 33
1651501040677 1759973.0 34
1651501042502 1735851.0 35
1651501044331 1753576.0 36
1651501046181 1777595.0 37
1651501048021 1791101.0 38
1651501050070 1774670.0 39
1651501052130 1764258.0 40
1651501053958 1777942.0 41
1651501055795 1773066.0 42
1651501057629 1774852.0 43
1651501059466 1765189.0 44
1651501061307 1784346.0 45
1651501063139 1761389.0 46
1651501064973 1782462.0 47
1651501066822 1790458.0 48
1651501068656 1780993.0 49
1651501070649 1762475.0 50
1651501072476 1772878.0 51
1651501074308 1779855.0 52
1651501076157 1791313.0 53
1651501077997 1804223.0 54
1651501079832 1776085.0 55
1651501081664 1788805.0 56
1651501083734 1794202.0 57
1651501085568 1804345.0 58
1651501087410 1802799.0 59
1651501089264 1804929.0 60
1651501091090 1790017.0 61
1651501093147 1804528.0 62
1651501094983 1803676.0 63
1651501096822 1804656.0 64
1651501098655 1790125.0 65
1651501100477 1796397.0 66
1651501102541 1794577.0 67
1651501104376 1802649.0 68
1651501106214 1808384.0 69
1651501108044 1810881.0 70
1651501109889 1802665.0 71
1651501111736 1781199.0 72
1651501113565 1805729.0 73
1651501115404 1809028.0 74
1651501117458 1820172.0 75
1651501119298 1807874.0 76
1651501121140 1813012.0 77
1651501122975 1789532.0 78
1651501124833 1816022.0 79
1651501126679 1798234.0 80
1651501128528 1820829.0 81
1651501130367 1811363.0 82
1651501132454 1808075.0 83
1651501134313 1819582.0 84
1651501136150 1809634.0 85
1651501138002 1819000.0 86
1651501139832 1811508.0 87
1651501141677 1827158.0 88
1651501143510 1823336.0 89
1651501145614 1822393.0 90
1651501147445 1820872.0 91
1651501149320 1817364.0 92
1651501151149 1809608.0 93
1651501152997 1824158.0 94
1651501154834 1827808.0 95
1651501156828 1808513.0 96
1651501158648 1824891.0 97
1651501160494 1825451.0 98
1651501162343 1821962.0 99
1651501164173 1828718.0 100
1651501166051 1820294.0 101
1651501167883 1834866.0 102
1651501169745 1829727.0 103
1651501171590 1824811.0 104
1651501173430 1827890.0 105
1651501175246 1825573.0 106
1651501177268 1829248.0 107
1651501179342 1825881.0 108
1651501181182 1809293.0 109
1651501183029 1827802.0 110
1651501184863 1811561.0 111
1651501186711 1826053.0 112
1651501188539 1827029.0 113
1651501190377 1830593.0 114
1651501192234 1821910.0 115
1651501194077 1833006.0 116
1651501195912 1824575.0 117
1651501197738 1828340.0 118
1651501199573 1818371.0 119
1651501201397 1825331.0 120
1651501203253 1832022.0 121
1651501205105 1829132.0 122
1651501206931 1834614.0 123
1651501208934 1828251.0 124
1651501210757 1828637.0 125
1651501212618 1821019.0 126
1651501214445 1835658.0 127
1651501216270 1825072.0 128
1651501218094 1824873.0 129
1651501219917 1837767.0 130
1651501221769 1819320.0 131
1651501223616 1829854.0 132
1651501225429 1831809.0 133
1651501227280 1838246.0 134
1651501229271 1829454.0 135
1651501231104 1839624.0 136
1651501232937 1838712.0 137
1651501234775 1829425.0 138
1651501304453 1825881.0 139
