1651451748266 0.8061044216156006 0
1651451759561 0.9067167639732361 1
1651451770984 0.9095785021781921 2
1651451782353 0.9112785458564758 3
1651451793579 0.9133040904998779 4
1651451805055 0.9140729308128357 5
1651451816230 0.9142163395881653 6
1651451827625 0.9156138896942139 7
1651451838849 0.9153093099594116 8
1651451850069 0.9157305359840393 9
1651451861345 0.916323184967041 10
1651451872586 0.9161755442619324 11
1651451883963 0.9167394042015076 12
1651451895194 0.9173249006271362 13
1651451906561 0.9174603223800659 14
1651451917741 0.9175676703453064 15
1651451929181 0.9175727367401123 16
1651451940356 0.9176077842712402 17
1651451951571 0.9183026552200317 18
1651451962770 0.9183287620544434 19
1651451973983 0.9183867573738098 20
1651451985193 0.9181081652641296 21
1651451996373 0.9187540411949158 22
1651452007541 0.9189386963844299 23
1651452018745 0.9189637303352356 24
1651452029831 0.9193011522293091 25
1651452041026 0.9191892147064209 26
1651452052168 0.9192418456077576 27
1651452063337 0.9197927117347717 28
1651452074648 0.9196670055389404 29
1651452085813 0.9194499850273132 30
1651452096980 0.9198841452598572 31
1651452108116 0.920049786567688 32
1651452119265 0.9200229644775391 33
1651452130414 0.9203319549560547 34
1651452141504 0.9202901124954224 35
1651452152597 0.9202992916107178 36
1651452163727 0.920356810092926 37
1651452174847 0.9204607605934143 38
1651452185964 0.9202383756637573 39
1651452197107 0.9205154180526733 40
1651452208235 0.9204108119010925 41
1651452219386 0.9203685522079468 42
1651452230488 0.9208523035049438 43
1651452241646 0.9210285544395447 44
1651452252748 0.9208963513374329 45
1651452263826 0.9208487272262573 46
1651452276602 0.9175727367401123 47
