1651451748266 0.7983755469322205 0
1651451759561 0.914049506187439 1
1651451770984 0.9212883114814758 2
1651451782353 0.9267088174819946 3
1651451793579 0.9304526448249817 4
1651451805055 0.9316961765289307 5
1651451816230 0.9324113726615906 6
1651451827625 0.9354521036148071 7
1651451838849 0.9359303116798401 8
1651451850069 0.936427116394043 9
1651451861345 0.9373705983161926 10
1651451872586 0.9380988478660583 11
1651451883963 0.9392172694206238 12
1651451895194 0.9395575523376465 13
1651451906561 0.9401094317436218 14
1651451917741 0.9403952956199646 15
1651451929181 0.9408760070800781 16
1651451940356 0.940646767616272 17
1651451951571 0.9413682222366333 18
1651451962770 0.9417141675949097 19
1651451973983 0.9419176578521729 20
1651451985193 0.9414576292037964 21
1651451996373 0.9424097537994385 22
1651452007541 0.9422333240509033 23
1651452018745 0.9428501129150391 24
1651452029831 0.943264365196228 25
1651452041026 0.9432995915412903 26
1651452052168 0.9439008831977844 27
1651452063337 0.9438545107841492 28
1651452074648 0.9444097280502319 29
1651452085813 0.9440070986747742 30
1651452096980 0.945060133934021 31
1651452108116 0.9446837306022644 32
1651452119265 0.94505774974823 33
1651452130414 0.9454632997512817 34
1651452141504 0.945301353931427 35
1651452152597 0.9452998638153076 36
1651452163727 0.9452241063117981 37
1651452174847 0.9456318616867065 38
1651452185964 0.9453467726707458 39
1651452197107 0.9463424682617188 40
1651452208235 0.9461394548416138 41
1651452219386 0.9461140036582947 42
1651452230488 0.9467651844024658 43
1651452241646 0.9464030861854553 44
1651452252748 0.9463425278663635 45
1651452263826 0.946149468421936 46
1651452276602 0.9408760070800781 47
