1651451748266 526484.0 0
1651451759561 1210727.0 1
1651451770984 1170909.0 2
1651451782353 1146305.0 3
1651451793579 1139900.0 4
1651451805055 1113987.0 5
1651451816230 1119821.0 6
1651451827625 1111977.0 7
1651451838849 1124556.0 8
1651451850069 1114582.0 9
1651451861345 1115160.0 10
1651451872586 1114173.0 11
1651451883963 1091391.0 12
1651451895194 1112767.0 13
1651451906561 1106669.0 14
1651451917741 1102790.0 15
1651451929181 1102517.0 16
1651451940356 1092209.0 17
1651451951571 1091641.0 18
1651451962770 1092926.0 19
1651451973983 1092092.0 20
1651451985193 1075036.0 21
1651451996373 1093822.0 22
1651452007541 1089393.0 23
1651452018745 1075886.0 24
1651452029831 1085144.0 25
1651452041026 1084139.0 26
1651452052168 1090579.0 27
1651452063337 1088484.0 28
1651452074648 1084617.0 29
1651452085813 1087046.0 30
1651452096980 1088858.0 31
1651452108116 1082950.0 32
1651452119265 1089340.0 33
1651452130414 1079204.0 34
1651452141504 1073814.0 35
1651452152597 1087078.0 36
1651452163727 1085689.0 37
1651452174847 1090049.0 38
1651452185964 1089013.0 39
1651452197107 1091559.0 40
1651452208235 1095904.0 41
1651452219386 1078998.0 42
1651452230488 1074449.0 43
1651452241646 1082660.0 44
1651452252748 1083554.0 45
1651452263826 1086918.0 46
1651452276602 1102517.0 47
