1651451748266 7315812.0 0
1651451759561 2250555.0 1
1651451770984 2184197.0 2
1651451782353 2145715.0 3
1651451793579 2076958.0 4
1651451805055 2074346.0 5
1651451816230 2063192.0 6
1651451827625 2019185.0 7
1651451838849 2017899.0 8
1651451850069 2012247.0 9
1651451861345 1989667.0 10
1651451872586 1996138.0 11
1651451883963 1997997.0 12
1651451895194 1954915.0 13
1651451906561 1955983.0 14
1651451917741 1955875.0 15
1651451929181 1955962.0 16
1651451940356 1964964.0 17
1651451951571 1939749.0 18
1651451962770 1937499.0 19
1651451973983 1936182.0 20
1651451985193 1963566.0 21
1651451996373 1920822.0 22
1651452007541 1918401.0 23
1651452018745 1930968.0 24
1651452029831 1909201.0 25
1651452041026 1914357.0 26
1651452052168 1905952.0 27
1651452063337 1887626.0 28
1651452074648 1896142.0 29
1651452085813 1901777.0 30
1651452096980 1883847.0 31
1651452108116 1883611.0 32
1651452119265 1878224.0 33
1651452130414 1876900.0 34
1651452141504 1883829.0 35
1651452152597 1870234.0 36
1651452163727 1869479.0 37
1651452174847 1861276.0 38
1651452185964 1870551.0 39
1651452197107 1857737.0 40
1651452208235 1857269.0 41
1651452219386 1875740.0 42
1651452230488 1862339.0 43
1651452241646 1847587.0 44
1651452252748 1851595.0 45
1651452263826 1849997.0 46
1651452276602 1955962.0 47
