1651451748266 0.4042656123638153 0
1651451759561 0.2802293002605438 1
1651451770984 0.2520074248313904 2
1651451782353 0.24410343170166016 3
1651451793579 0.23860926926136017 4
1651451805055 0.2365918606519699 5
1651451816230 0.23564791679382324 6
1651451827625 0.2311449646949768 7
1651451838849 0.23090335726737976 8
1651451850069 0.2299443781375885 9
1651451861345 0.22855831682682037 10
1651451872586 0.228003591299057 11
1651451883963 0.2261960506439209 12
1651451895194 0.2253909409046173 13
1651451906561 0.22445030510425568 14
1651451917741 0.22432170808315277 15
1651451929181 0.2238048017024994 16
1651451940356 0.22390997409820557 17
1651451951571 0.22256961464881897 18
1651451962770 0.22209085524082184 19
1651451973983 0.22173142433166504 20
1651451985193 0.22264423966407776 21
1651451996373 0.2207684963941574 22
1651452007541 0.220816507935524 23
1651452018745 0.22025521099567413 24
1651452029831 0.21953518688678741 25
1651452041026 0.2196037918329239 26
1651452052168 0.2187081128358841 27
1651452063337 0.21851035952568054 28
1651452074648 0.21790479123592377 29
1651452085813 0.2185201644897461 30
1651452096980 0.2169419825077057 31
1651452108116 0.21709677577018738 32
1651452119265 0.21664965152740479 33
1651452130414 0.2161896824836731 34
1651452141504 0.21640868484973907 35
1651452152597 0.21624191105365753 36
1651452163727 0.21612504124641418 37
1651452174847 0.2156228870153427 38
1651452185964 0.2164454162120819 39
1651452197107 0.21484777331352234 40
1651452208235 0.21492382884025574 41
1651452219386 0.21525555849075317 42
1651452230488 0.21412599086761475 43
1651452241646 0.21434083580970764 44
1651452252748 0.21443307399749756 45
1651452263826 0.21481548249721527 46
1651452276602 0.2238048017024994 47
