1651451748266 0.8135685324668884 0
1651451759561 0.9269117116928101 1
1651451770984 0.9290055632591248 2
1651451782353 0.9302249550819397 3
1651451793579 0.9323235750198364 4
1651451805055 0.9324599504470825 5
1651451816230 0.9327859282493591 6
1651451827625 0.9341419339179993 7
1651451838849 0.9341541528701782 8
1651451850069 0.9343478083610535 9
1651451861345 0.9350354075431824 10
1651451872586 0.9348400235176086 11
1651451883963 0.9348317980766296 12
1651451895194 0.936102569103241 13
1651451906561 0.936082661151886 14
1651451917741 0.9360940456390381 15
1651451929181 0.9360920190811157 16
1651451940356 0.9358383417129517 17
1651451951571 0.9366106986999512 18
1651451962770 0.9366769194602966 19
1651451973983 0.9367189407348633 20
1651451985193 0.9359170198440552 21
1651451996373 0.9371858835220337 22
1651452007541 0.9372692108154297 23
1651452018745 0.9369120001792908 24
1651452029831 0.9375599026679993 25
1651452041026 0.9374039769172668 26
1651452052168 0.9376484751701355 27
1651452063337 0.9382151365280151 28
1651452074648 0.9379615783691406 29
1651452085813 0.9377837777137756 30
1651452096980 0.9383304715156555 31
1651452108116 0.9383496046066284 32
1651452119265 0.9385022521018982 33
1651452130414 0.938563346862793 34
1651452141504 0.938361406326294 35
1651452152597 0.9387523531913757 36
1651452163727 0.9387784004211426 37
1651452174847 0.9390219449996948 38
1651452185964 0.9387387037277222 39
1651452197107 0.9391278028488159 40
1651452208235 0.9391335248947144 41
1651452219386 0.9385993480682373 42
1651452230488 0.9390203356742859 43
1651452241646 0.939457893371582 44
1651452252748 0.9393327236175537 45
1651452263826 0.9393752813339233 46
1651452276602 0.9360920190811157 47
