1651451748266 0.9837765097618103 0
1651451759561 0.9593065977096558 1
1651451770984 0.9606450200080872 2
1651451782353 0.9614719152450562 3
1651451793579 0.9616872072219849 4
1651451805055 0.9625581502914429 5
1651451816230 0.9623620510101318 6
1651451827625 0.9626256823539734 7
1651451838849 0.9622029066085815 8
1651451850069 0.9625381827354431 9
1651451861345 0.9625187516212463 10
1651451872586 0.9625519514083862 11
1651451883963 0.9633175730705261 12
1651451895194 0.9625990986824036 13
1651451906561 0.9628041386604309 14
1651451917741 0.9629344940185547 15
1651451929181 0.9629437327384949 16
1651451940356 0.9632901549339294 17
1651451951571 0.9633092284202576 18
1651451962770 0.9632660150527954 19
1651451973983 0.9632940888404846 20
1651451985193 0.9638673067092896 21
1651451996373 0.9632359147071838 22
1651452007541 0.9633848071098328 23
1651452018745 0.9638387560844421 24
1651452029831 0.9635276198387146 25
1651452041026 0.9635613560676575 26
1651452052168 0.9633448719978333 27
1651452063337 0.9634153246879578 28
1651452074648 0.9635453224182129 29
1651452085813 0.9634636640548706 30
1651452096980 0.9634027481079102 31
1651452108116 0.9636013507843018 32
1651452119265 0.963386595249176 33
1651452130414 0.9637272357940674 34
1651452141504 0.9639083743095398 35
1651452152597 0.9634625911712646 36
1651452163727 0.9635092616081238 37
1651452174847 0.9633627533912659 38
1651452185964 0.9633975625038147 39
1651452197107 0.9633119702339172 40
1651452208235 0.9631659388542175 41
1651452219386 0.9637341499328613 42
1651452230488 0.963887095451355 43
1651452241646 0.9636110663414001 44
1651452252748 0.9635810256004333 45
1651452263826 0.9634679555892944 46
1651452276602 0.9629437327384949 47
