1651451748266 678159.0 0
1651451759561 5102133.0 1
1651451770984 5168491.0 2
1651451782353 5206973.0 3
1651451793579 5275730.0 4
1651451805055 5278342.0 5
1651451816230 5289496.0 6
1651451827625 5333503.0 7
1651451838849 5334789.0 8
1651451850069 5340441.0 9
1651451861345 5363021.0 10
1651451872586 5356550.0 11
1651451883963 5354691.0 12
1651451895194 5397773.0 13
1651451906561 5396705.0 14
1651451917741 5396813.0 15
1651451929181 5396726.0 16
1651451940356 5387724.0 17
1651451951571 5412939.0 18
1651451962770 5415189.0 19
1651451973983 5416506.0 20
1651451985193 5389122.0 21
1651451996373 5431866.0 22
1651452007541 5434287.0 23
1651452018745 5421720.0 24
1651452029831 5443487.0 25
1651452041026 5438331.0 26
1651452052168 5446736.0 27
1651452063337 5465062.0 28
1651452074648 5456546.0 29
1651452085813 5450911.0 30
1651452096980 5468841.0 31
1651452108116 5469077.0 32
1651452119265 5474464.0 33
1651452130414 5475788.0 34
1651452141504 5468859.0 35
1651452152597 5482454.0 36
1651452163727 5483209.0 37
1651452174847 5491412.0 38
1651452185964 5482137.0 39
1651452197107 5494951.0 40
1651452208235 5495419.0 41
1651452219386 5476948.0 42
1651452230488 5490349.0 43
1651452241646 5505101.0 44
1651452252748 5501093.0 45
1651452263826 5502691.0 46
1651452276602 5396726.0 47
