1651451748266 31925490.0 0
1651451759561 28541728.0 1
1651451770984 28581544.0 2
1651451782353 28606162.0 3
1651451793579 28612572.0 4
1651451805055 28638472.0 5
1651451816230 28632646.0 6
1651451827625 28640486.0 7
1651451838849 28627908.0 8
1651451850069 28637880.0 9
1651451861345 28637304.0 10
1651451872586 28638292.0 11
1651451883963 28661060.0 12
1651451895194 28639692.0 13
1651451906561 28645784.0 14
1651451917741 28649672.0 15
1651451929181 28649948.0 16
1651451940356 28660252.0 17
1651451951571 28660820.0 18
1651451962770 28659530.0 19
1651451973983 28660372.0 20
1651451985193 28677428.0 21
1651451996373 28658644.0 22
1651452007541 28663080.0 23
1651452018745 28676576.0 24
1651452029831 28667326.0 25
1651452041026 28668340.0 26
1651452052168 28661896.0 27
1651452063337 28663980.0 28
1651452074648 28667852.0 29
1651452085813 28665424.0 30
1651452096980 28663608.0 31
1651452108116 28669508.0 32
1651452119265 28663130.0 33
1651452130414 28673260.0 34
1651452141504 28678644.0 35
1651452152597 28665380.0 36
1651452163727 28666782.0 37
1651452174847 28662416.0 38
1651452185964 28663452.0 39
1651452197107 28660904.0 40
1651452208235 28656562.0 41
1651452219386 28673460.0 42
1651452230488 28678016.0 43
1651452241646 28669794.0 44
1651452252748 28668920.0 45
1651452263826 28665540.0 46
1651452276602 28649948.0 47
