1651504270210 0.8215333223342896 0
1651504272827 0.8036431670188904 1
1651504275560 0.8036490082740784 2
1651504278278 0.8036497831344604 3
1651504280875 0.803650438785553 4
1651504283467 0.8036501407623291 5
1651504286064 0.8036501407623291 6
1651504288672 0.8036501407623291 7
1651504291392 0.8036501407623291 8
1651504294119 0.8036501407623291 9
1651504296734 0.8036501407623291 10
1651504299347 0.8036501407623291 11
1651504301929 0.8036501407623291 12
1651504304651 0.8036501407623291 13
1651504307230 0.8036501407623291 14
1651504309950 0.8036501407623291 15
1651504312547 0.8036501407623291 16
1651504315135 0.8036501407623291 17
1651504317726 0.8036501407623291 18
1651504320334 0.8036501407623291 19
1651504323051 0.8036501407623291 20
1651504325661 0.8036501407623291 21
1651504328256 0.8036501407623291 22
1651504330977 0.8036501407623291 23
1651504333696 0.8036497831344604 24
1651504336284 0.8036493062973022 25
1651504339010 0.8036497831344604 26
1651504341613 0.8036496639251709 27
1651504344332 0.8036496639251709 28
1651504346922 0.8036499619483948 29
1651504349549 0.8036501407623291 30
1651504364300 0.8215333223342896 31
