1651504270210 0.7516179084777832 0
1651504272827 0.4963412284851074 1
1651504275560 0.4962756037712097 2
1651504278278 0.4932495653629303 3
1651504280875 0.4943772852420807 4
1651504283467 0.4953862130641937 5
1651504286064 0.49073326587677 6
1651504288672 0.4910826086997986 7
1651504291392 0.4903695583343506 8
1651504294119 0.4910666346549988 9
1651504296734 0.4941180348396301 10
1651504299347 0.4979639947414398 11
1651504301929 0.49992048740386963 12
1651504304651 0.49724042415618896 13
1651504307230 0.5046926140785217 14
1651504309950 0.5004814863204956 15
1651504312547 0.5052692294120789 16
1651504315135 0.5026074051856995 17
1651504317726 0.511237382888794 18
1651504320334 0.5104274153709412 19
1651504323051 0.5164710879325867 20
1651504325661 0.5156049728393555 21
1651504328256 0.5099298357963562 22
1651504330977 0.5218879580497742 23
1651504333696 0.5331656336784363 24
1651504336284 0.5320168733596802 25
1651504339010 0.5348353385925293 26
1651504341613 0.5356237292289734 27
1651504344332 0.5385320782661438 28
1651504346922 0.5432793498039246 29
1651504349549 0.5429370403289795 30
1651504364300 0.7516179084777832 31
