1651504270210 505331.0 0
1651504272827 60.0 1
1651504275560 13.0 2
1651504278278 2.0 3
1651504280875 1.0 4
1651504283467 0.0 5
1651504286064 0.0 6
1651504288672 0.0 7
1651504291392 0.0 8
1651504294119 0.0 9
1651504296734 0.0 10
1651504299347 0.0 11
1651504301929 0.0 12
1651504304651 0.0 13
1651504307230 0.0 14
1651504309950 0.0 15
1651504312547 0.0 16
1651504315135 0.0 17
1651504317726 0.0 18
1651504320334 0.0 19
1651504323051 0.0 20
1651504325661 0.0 21
1651504328256 0.0 22
1651504330977 0.0 23
1651504333696 2.0 24
1651504336284 5.0 25
1651504339010 2.0 26
1651504341613 3.0 27
1651504344332 3.0 28
1651504346922 1.0 29
1651504349549 0.0 30
1651504364300 505331.0 31
