1651504270210 1191867.0 0
1651504272827 1214198.0 1
1651504275560 1214209.0 2
1651504278278 1214215.0 3
1651504280875 1214212.0 4
1651504283467 1214215.0 5
1651504286064 1214215.0 6
1651504288672 1214215.0 7
1651504291392 1214215.0 8
1651504294119 1214215.0 9
1651504296734 1214215.0 10
1651504299347 1214215.0 11
1651504301929 1214215.0 12
1651504304651 1214215.0 13
1651504307230 1214215.0 14
1651504309950 1214215.0 15
1651504312547 1214215.0 16
1651504315135 1214215.0 17
1651504317726 1214215.0 18
1651504320334 1214215.0 19
1651504323051 1214215.0 20
1651504325661 1214215.0 21
1651504328256 1214215.0 22
1651504330977 1214215.0 23
1651504333696 1214215.0 24
1651504336284 1214215.0 25
1651504339010 1214215.0 26
1651504341613 1214215.0 27
1651504344332 1214215.0 28
1651504346922 1214215.0 29
1651504349549 1214215.0 30
1651504364300 1191867.0 31
