1651504270210 0.6426602602005005 0
1651504272827 0.5445893406867981 1
1651504275560 0.5134725570678711 2
1651504278278 0.5117048621177673 3
1651504280875 0.5074657201766968 4
1651504283467 0.5058890581130981 5
1651504286064 0.5055938363075256 6
1651504288672 0.5040921568870544 7
1651504291392 0.5026158690452576 8
1651504294119 0.5009031891822815 9
1651504296734 0.49984103441238403 10
1651504299347 0.4997383654117584 11
1651504301929 0.49777448177337646 12
1651504304651 0.49747708439826965 13
1651504307230 0.49577268958091736 14
1651504309950 0.4963220953941345 15
1651504312547 0.4957118630409241 16
1651504315135 0.4960724413394928 17
1651504317726 0.4938129484653473 18
1651504320334 0.49337679147720337 19
1651504323051 0.49221107363700867 20
1651504325661 0.4921293556690216 21
1651504328256 0.49278563261032104 22
1651504330977 0.4912775754928589 23
1651504333696 0.4878464639186859 24
1651504336284 0.4855038523674011 25
1651504339010 0.48497214913368225 26
1651504341613 0.4849243760108948 27
1651504344332 0.48486003279685974 28
1651504346922 0.4844615161418915 29
1651504349549 0.48421263694763184 30
1651504364300 0.6426602602005005 31
