1651504270210 0.9339815378189087 0
1651504272827 0.9999879002571106 1
1651504275560 0.9999973773956299 2
1651504278278 0.9999995827674866 3
1651504280875 0.9999998211860657 4
1651504283467 1.0 5
1651504286064 1.0 6
1651504288672 1.0 7
1651504291392 1.0 8
1651504294119 1.0 9
1651504296734 1.0 10
1651504299347 1.0 11
1651504301929 1.0 12
1651504304651 1.0 13
1651504307230 1.0 14
1651504309950 1.0 15
1651504312547 1.0 16
1651504315135 1.0 17
1651504317726 1.0 18
1651504320334 1.0 19
1651504323051 1.0 20
1651504325661 1.0 21
1651504328256 1.0 22
1651504330977 1.0 23
1651504333696 0.9999995827674866 24
1651504336284 0.9999989867210388 25
1651504339010 0.9999995827674866 26
1651504341613 0.9999994039535522 27
1651504344332 0.9999994039535522 28
1651504346922 0.9999998211860657 29
1651504349549 1.0 30
1651504364300 0.9339815378189087 31
