1651504270210 7149059.0 0
1651504272827 4969661.0 1
1651504275560 4969708.0 2
1651504278278 4969719.0 3
1651504280875 4969720.0 4
1651504283467 4969721.0 5
1651504286064 4969721.0 6
1651504288672 4969721.0 7
1651504291392 4969721.0 8
1651504294119 4969721.0 9
1651504296734 4969721.0 10
1651504299347 4969721.0 11
1651504301929 4969721.0 12
1651504304651 4969721.0 13
1651504307230 4969721.0 14
1651504309950 4969721.0 15
1651504312547 4969721.0 16
1651504315135 4969721.0 17
1651504317726 4969721.0 18
1651504320334 4969721.0 19
1651504323051 4969721.0 20
1651504325661 4969721.0 21
1651504328256 4969721.0 22
1651504330977 4969721.0 23
1651504333696 4969719.0 24
1651504336284 4969716.0 25
1651504339010 4969719.0 26
1651504341613 4969718.0 27
1651504344332 4969718.0 28
1651504346922 4969720.0 29
1651504349549 4969721.0 30
1651504364300 7149059.0 31
