1651441934522 0.8504980802536011 0
1651441942189 0.9073314666748047 1
1651441949849 0.9109670519828796 2
1651441957359 0.911819338798523 3
1651441964903 0.9130164980888367 4
1651441972507 0.9131650328636169 5
1651441980169 0.9138510227203369 6
1651441987919 0.9145807027816772 7
1651441995668 0.9147530794143677 8
1651442003426 0.9152092933654785 9
1651442011231 0.9152817130088806 10
1651442019000 0.9154375195503235 11
1651442026835 0.9161278605461121 12
1651442034727 0.9162614345550537 13
1651442042689 0.9167165756225586 14
1651442050648 0.9170731902122498 15
1651442058524 0.917052149772644 16
1651442066436 0.9175249934196472 17
1651442074317 0.9170439839363098 18
1651442082146 0.918321967124939 19
1651442090015 0.918181300163269 20
1651442097844 0.9181293249130249 21
1651442105670 0.9186175465583801 22
1651442113476 0.9187859296798706 23
1651442121517 0.9191210865974426 24
1651442129360 0.9190071225166321 25
1651442137202 0.9194643497467041 26
1651442145110 0.919153094291687 27
1651442153122 0.9190807938575745 28
1651442160970 0.9192215800285339 29
1651442168816 0.9197909832000732 30
1651442176682 0.9196081161499023 31
1651442184696 0.9201617240905762 32
1651442192873 0.91974276304245 33
1651442200691 0.9194000959396362 34
1651442208604 0.9199028611183167 35
1651442216533 0.9203168153762817 36
1651442224356 0.9200071096420288 37
1651442232218 0.9205386638641357 38
1651442240111 0.9204325079917908 39
1651442247996 0.9206583499908447 40
1651442255870 0.9205383658409119 41
1651442263774 0.9205775260925293 42
1651442271672 0.9207763671875 43
1651442279555 0.9210811257362366 44
1651442287396 0.9210063219070435 45
1651442295235 0.9206870198249817 46
1651442303080 0.9207740426063538 47
1651442310912 0.9208515286445618 48
1651442318755 0.9213521480560303 49
1651442326627 0.920978307723999 50
1651442334510 0.9212520122528076 51
1651442342346 0.9207704663276672 52
1651442350205 0.920808732509613 53
1651442358034 0.9214790463447571 54
1651442365912 0.9214023947715759 55
1651442373744 0.9211134910583496 56
1651442381605 0.9207791686058044 57
1651442389431 0.9215497374534607 58
1651442397273 0.9215895533561707 59
1651442405138 0.9214974641799927 60
1651442413057 0.921200156211853 61
1651442420863 0.9213114380836487 62
1651442428738 0.9214571714401245 63
1651442441984 0.91974276304245 64
