1651441934522 0.8003584146499634 0
1651441942189 0.9163045883178711 1
1651441949849 0.9248504042625427 2
1651441957359 0.9276809692382812 3
1651441964903 0.9314097762107849 4
1651441972507 0.9320379495620728 5
1651441980169 0.9328134059906006 6
1651441987919 0.9349133372306824 7
1651441995668 0.9356404542922974 8
1651442003426 0.9361894726753235 9
1651442011231 0.9371823668479919 10
1651442019000 0.9377676248550415 11
1651442026835 0.9371522068977356 12
1651442034727 0.938866376876831 13
1651442042689 0.939307689666748 14
1651442050648 0.939662754535675 15
1651442058524 0.9396078586578369 16
1651442066436 0.9406423568725586 17
1651442074317 0.9398722648620605 18
1651442082146 0.9415151476860046 19
1651442090015 0.9409403204917908 20
1651442097844 0.9418938755989075 21
1651442105670 0.9425733685493469 22
1651442113476 0.9430270195007324 23
1651442121517 0.9432618618011475 24
1651442129360 0.9433053731918335 25
1651442137202 0.9438909292221069 26
1651442145110 0.9440805315971375 27
1651442153122 0.943395733833313 28
1651442160970 0.9436377286911011 29
1651442168816 0.9445647597312927 30
1651442176682 0.9440537095069885 31
1651442184696 0.9450429081916809 32
1651442192873 0.944627046585083 33
1651442200691 0.9439815878868103 34
1651442208604 0.9448820352554321 35
1651442216533 0.9459015727043152 36
1651442224356 0.9448308348655701 37
1651442232218 0.9458163976669312 38
1651442240111 0.9458640217781067 39
1651442247996 0.9457769989967346 40
1651442255870 0.9460688829421997 41
1651442263774 0.945988655090332 42
1651442271672 0.9463812708854675 43
1651442279555 0.9463894367218018 44
1651442287396 0.9467117190361023 45
1651442295235 0.945974588394165 46
1651442303080 0.9465075135231018 47
1651442310912 0.9458403587341309 48
1651442318755 0.9472370147705078 49
1651442326627 0.9468623399734497 50
1651442334510 0.9473613500595093 51
1651442342346 0.9465086460113525 52
1651442350205 0.9469077587127686 53
1651442358034 0.9470613598823547 54
1651442365912 0.9472078680992126 55
1651442373744 0.9475641250610352 56
1651442381605 0.9467732906341553 57
1651442389431 0.947483479976654 58
1651442397273 0.9479236006736755 59
1651442405138 0.9478679895401001 60
1651442413057 0.947026252746582 61
1651442420863 0.9478445053100586 62
1651442428738 0.9476116299629211 63
1651442441984 0.944627046585083 64
