1651441934522 1028097.0 0
1651441942189 1193906.0 1
1651441949849 1168810.0 2
1651441957359 1171479.0 3
1651441964903 1112527.0 4
1651441972507 1110939.0 5
1651441980169 1123489.0 6
1651441987919 1123547.0 7
1651441995668 1108218.0 8
1651442003426 1085674.0 9
1651442011231 1092223.0 10
1651442019000 1099559.0 11
1651442026835 1087899.0 12
1651442034727 1075384.0 13
1651442042689 1094128.0 14
1651442050648 1087350.0 15
1651442058524 1073280.0 16
1651442066436 1075124.0 17
1651442074317 1084134.0 18
1651442082146 1067669.0 19
1651442090015 1089988.0 20
1651442097844 1091526.0 21
1651442105670 1057977.0 22
1651442113476 1076948.0 23
1651442121517 1065973.0 24
1651442129360 1087921.0 25
1651442137202 1091593.0 26
1651442145110 1092255.0 27
1651442153122 1074572.0 28
1651442160970 1090796.0 29
1651442168816 1071524.0 30
1651442176682 1075080.0 31
1651442184696 1078353.0 32
1651442192873 1063114.0 33
1651442200691 1071861.0 34
1651442208604 1079624.0 35
1651442216533 1081023.0 36
1651442224356 1077458.0 37
1651442232218 1072728.0 38
1651442240111 1070221.0 39
1651442247996 1067675.0 40
1651442255870 1055994.0 41
1651442263774 1094406.0 42
1651442271672 1080093.0 43
1651442279555 1067129.0 44
1651442287396 1065716.0 45
1651442295235 1072118.0 46
1651442303080 1076579.0 47
1651442310912 1065934.0 48
1651442318755 1071541.0 49
1651442326627 1087718.0 50
1651442334510 1077611.0 51
1651442342346 1059782.0 52
1651442350205 1069832.0 53
1651442358034 1076223.0 54
1651442365912 1068448.0 55
1651442373744 1063631.0 56
1651442381605 1074206.0 57
1651442389431 1061460.0 58
1651442397273 1065128.0 59
1651442405138 1064593.0 60
1651442413057 1070330.0 61
1651442420863 1059763.0 62
1651442428738 1077568.0 63
1651442441984 1063114.0 64
