1651441934522 4519199.0 0
1651441942189 2244575.0 1
1651441949849 2134769.0 2
1651441957359 2100473.0 3
1651441964903 2115011.0 4
1651441972507 2111086.0 5
1651441980169 2073082.0 6
1651441987919 2045961.0 7
1651441995668 2054878.0 8
1651442003426 2060495.0 9
1651442011231 2051258.0 10
1651442019000 2038144.0 11
1651442026835 2024198.0 12
1651442034727 2031751.0 13
1651442042689 1996108.0 14
1651442050648 1989655.0 15
1651442058524 2004506.0 16
1651442066436 1985128.0 17
1651442074317 1993952.0 18
1651442082146 1963015.0 19
1651442090015 1945904.0 20
1651442097844 1946291.0 21
1651442105670 1961724.0 22
1651442113476 1936509.0 23
1651442121517 1935056.0 24
1651442129360 1917331.0 25
1651442137202 1896696.0 26
1651442145110 1907576.0 27
1651442153122 1927949.0 28
1651442160970 1906486.0 29
1651442168816 1904637.0 30
1651442176682 1907882.0 31
1651442184696 1884060.0 32
1651442192873 1914849.0 33
1651442200691 1918822.0 34
1651442208604 1892396.0 35
1651442216533 1875635.0 36
1651442224356 1890688.0 37
1651442232218 1875688.0 38
1651442240111 1882148.0 39
1651442247996 1876321.0 40
1651442255870 1892443.0 41
1651442263774 1852563.0 42
1651442271672 1859529.0 43
1651442279555 1861172.0 44
1651442287396 1865355.0 45
1651442295235 1870801.0 46
1651442303080 1863105.0 47
1651442310912 1870894.0 48
1651442318755 1846703.0 49
1651442326627 1844395.0 50
1651442334510 1844341.0 51
1651442342346 1880041.0 52
1651442350205 1868576.0 53
1651442358034 1837309.0 54
1651442365912 1847931.0 55
1651442373744 1863456.0 56
1651442381605 1865291.0 57
1651442389431 1849448.0 58
1651442397273 1844299.0 59
1651442405138 1848256.0 60
1651442413057 1853541.0 61
1651442420863 1859997.0 62
1651442428738 1836765.0 63
1651442441984 1914849.0 64
