1651441934522 0.3939773738384247 0
1651441942189 0.25845617055892944 1
1651441949849 0.2468002289533615 2
1651441957359 0.2431269884109497 3
1651441964903 0.23858578503131866 4
1651441972507 0.23748871684074402 5
1651441980169 0.23620380461215973 6
1651441987919 0.2332250475883484 7
1651441995668 0.23226338624954224 8
1651442003426 0.2313176840543747 9
1651442011231 0.23036375641822815 10
1651442019000 0.22915957868099213 11
1651442026835 0.22954443097114563 12
1651442034727 0.22732220590114594 13
1651442042689 0.22653527557849884 14
1651442050648 0.2258497178554535 15
1651442058524 0.22569148242473602 16
1651442066436 0.22439773380756378 17
1651442074317 0.22532694041728973 18
1651442082146 0.22259314358234406 19
1651442090015 0.22331973910331726 20
1651442097844 0.22222650051116943 21
1651442105670 0.22108852863311768 22
1651442113476 0.22064785659313202 23
1651442121517 0.21992027759552002 24
1651442129360 0.21995551884174347 25
1651442137202 0.2187298983335495 26
1651442145110 0.21866735816001892 27
1651442153122 0.21962961554527283 28
1651442160970 0.21900394558906555 29
1651442168816 0.21786987781524658 30
1651442176682 0.21846020221710205 31
1651442184696 0.21680742502212524 32
1651442192873 0.21784403920173645 33
1651442200691 0.2186439484357834 34
1651442208604 0.21716472506523132 35
1651442216533 0.21578346192836761 36
1651442224356 0.2171059548854828 37
1651442232218 0.21552221477031708 38
1651442240111 0.21558088064193726 39
1651442247996 0.21548889577388763 40
1651442255870 0.21560099720954895 41
1651442263774 0.21541014313697815 42
1651442271672 0.2147478610277176 43
1651442279555 0.21449385583400726 44
1651442287396 0.21402595937252045 45
1651442295235 0.21536247432231903 46
1651442303080 0.21445699036121368 47
1651442310912 0.2151995152235031 48
1651442318755 0.21319471299648285 49
1651442326627 0.2138550877571106 50
1651442334510 0.2129499316215515 51
1651442342346 0.21442319452762604 52
1651442350205 0.21377919614315033 53
1651442358034 0.21323667466640472 54
1651442365912 0.2132100611925125 55
1651442373744 0.21291328966617584 56
1651442381605 0.21397429704666138 57
1651442389431 0.21259351074695587 58
1651442397273 0.21198149025440216 59
1651442405138 0.2123645842075348 60
1651442413057 0.21345612406730652 61
1651442420863 0.21224156022071838 62
1651442428738 0.2124621868133545 63
1651442441984 0.21784403920173645 64
