1651441934522 0.8640579581260681 0
1651441942189 0.9271315336227417 1
1651441949849 0.9305052757263184 2
1651441957359 0.9315393567085266 3
1651441964903 0.9312301874160767 4
1651441972507 0.9313526153564453 5
1651441980169 0.9324774146080017 6
1651441987919 0.9333017468452454 7
1651441995668 0.9330639839172363 8
1651442003426 0.9329425096511841 9
1651442011231 0.9332088232040405 10
1651442019000 0.9335916042327881 11
1651442026835 0.9340410828590393 12
1651442034727 0.9338381886482239 13
1651442042689 0.9348835349082947 14
1651442050648 0.9350947141647339 15
1651442058524 0.934671938419342 16
1651442066436 0.935258686542511 17
1651442074317 0.9349705576896667 18
1651442082146 0.9359492063522339 19
1651442090015 0.9364257454872131 20
1651442097844 0.9364107847213745 21
1651442105670 0.9360089302062988 22
1651442113476 0.9367402791976929 23
1651442121517 0.93680739402771 24
1651442129360 0.9373049736022949 25
1651442137202 0.9379304051399231 26
1651442145110 0.9375951886177063 27
1651442153122 0.9370071887969971 28
1651442160970 0.9376316070556641 29
1651442168816 0.9377275705337524 30
1651442176682 0.9376208782196045 31
1651442184696 0.9383451342582703 32
1651442192873 0.9374318718910217 33
1651442200691 0.937292218208313 34
1651442208604 0.9380866289138794 35
1651442216533 0.9385985136032104 36
1651442224356 0.9381434917449951 37
1651442232218 0.9386135935783386 38
1651442240111 0.9384202361106873 39
1651442247996 0.9386043548583984 40
1651442255870 0.9381330013275146 41
1651442263774 0.9392814040184021 42
1651442271672 0.9390955567359924 43
1651442279555 0.9390708804130554 44
1651442287396 0.9389451742172241 45
1651442295235 0.9387649297714233 46
1651442303080 0.9389925599098206 47
1651442310912 0.9387744665145874 48
1651442318755 0.9395071268081665 49
1651442326627 0.9395461082458496 50
1651442334510 0.9395678639411926 51
1651442342346 0.9385059475898743 52
1651442350205 0.9388378858566284 53
1651442358034 0.9397871494293213 54
1651442365912 0.9394754767417908 55
1651442373744 0.9390076398849487 56
1651442381605 0.9389301538467407 57
1651442389431 0.9394426941871643 58
1651442397273 0.9395937919616699 59
1651442405138 0.9394730925559998 60
1651442413057 0.9392991662025452 61
1651442420863 0.939121663570404 62
1651442428738 0.9398012757301331 63
1651442441984 0.9374318718910217 64
