1651441934522 0.9654449224472046 0
1651441942189 0.9598720073699951 1
1651441949849 0.9607155323028564 2
1651441957359 0.9606257677078247 3
1651441964903 0.962607204914093 4
1651441972507 0.962660551071167 5
1651441980169 0.9622388482093811 6
1651441987919 0.9622368216514587 7
1651441995668 0.9627520442008972 8
1651442003426 0.9635097980499268 9
1651442011231 0.9632896184921265 10
1651442019000 0.9630430936813354 11
1651442026835 0.9634350538253784 12
1651442034727 0.9638556241989136 13
1651442042689 0.9632256031036377 14
1651442050648 0.9634534120559692 15
1651442058524 0.963926374912262 16
1651442066436 0.9638643860816956 17
1651442074317 0.9635615348815918 18
1651442082146 0.9641149640083313 19
1651442090015 0.9633647799491882 20
1651442097844 0.963313102722168 21
1651442105670 0.9644407033920288 22
1651442113476 0.9638030529022217 23
1651442121517 0.9641718864440918 24
1651442129360 0.9634342789649963 25
1651442137202 0.9633108973503113 26
1651442145110 0.9632885456085205 27
1651442153122 0.9638829231262207 28
1651442160970 0.9633376002311707 29
1651442168816 0.9639853835105896 30
1651442176682 0.9638658165931702 31
1651442184696 0.9637558460235596 32
1651442192873 0.9642680287361145 33
1651442200691 0.9639740586280823 34
1651442208604 0.9637131094932556 35
1651442216533 0.9636660814285278 36
1651442224356 0.9637859463691711 37
1651442232218 0.9639449119567871 38
1651442240111 0.9640291929244995 39
1651442247996 0.9641147255897522 40
1651442255870 0.9645073413848877 41
1651442263774 0.9632163047790527 42
1651442271672 0.9636973738670349 43
1651442279555 0.9641331434249878 44
1651442287396 0.964180588722229 45
1651442295235 0.9639654159545898 46
1651442303080 0.9638155102729797 47
1651442310912 0.9641732573509216 48
1651442318755 0.9639848470687866 49
1651442326627 0.9634410738945007 50
1651442334510 0.9637807607650757 51
1651442342346 0.9643800258636475 52
1651442350205 0.9640422463417053 53
1651442358034 0.96382737159729 54
1651442365912 0.9640887379646301 55
1651442373744 0.9642506837844849 56
1651442381605 0.9638952016830444 57
1651442389431 0.9643236398696899 58
1651442397273 0.9642003178596497 59
1651442405138 0.9642183184623718 60
1651442413057 0.9640254974365234 61
1651442420863 0.9643806219100952 62
1651442428738 0.9637822508811951 63
1651442441984 0.9642680287361145 64
