1651441934522 2833489.0 0
1651441942189 5108113.0 1
1651441949849 5217919.0 2
1651441957359 5252215.0 3
1651441964903 5237677.0 4
1651441972507 5241602.0 5
1651441980169 5279606.0 6
1651441987919 5306727.0 7
1651441995668 5297810.0 8
1651442003426 5292193.0 9
1651442011231 5301430.0 10
1651442019000 5314544.0 11
1651442026835 5328490.0 12
1651442034727 5320937.0 13
1651442042689 5356580.0 14
1651442050648 5363033.0 15
1651442058524 5348182.0 16
1651442066436 5367560.0 17
1651442074317 5358736.0 18
1651442082146 5389673.0 19
1651442090015 5406784.0 20
1651442097844 5406397.0 21
1651442105670 5390964.0 22
1651442113476 5416179.0 23
1651442121517 5417632.0 24
1651442129360 5435357.0 25
1651442137202 5455992.0 26
1651442145110 5445112.0 27
1651442153122 5424739.0 28
1651442160970 5446202.0 29
1651442168816 5448051.0 30
1651442176682 5444806.0 31
1651442184696 5468628.0 32
1651442192873 5437839.0 33
1651442200691 5433866.0 34
1651442208604 5460292.0 35
1651442216533 5477053.0 36
1651442224356 5462000.0 37
1651442232218 5477000.0 38
1651442240111 5470540.0 39
1651442247996 5476367.0 40
1651442255870 5460245.0 41
1651442263774 5500125.0 42
1651442271672 5493159.0 43
1651442279555 5491516.0 44
1651442287396 5487333.0 45
1651442295235 5481887.0 46
1651442303080 5489583.0 47
1651442310912 5481794.0 48
1651442318755 5505985.0 49
1651442326627 5508293.0 50
1651442334510 5508347.0 51
1651442342346 5472647.0 52
1651442350205 5484112.0 53
1651442358034 5515379.0 54
1651442365912 5504757.0 55
1651442373744 5489232.0 56
1651442381605 5487397.0 57
1651442389431 5503240.0 58
1651442397273 5508389.0 59
1651442405138 5504432.0 60
1651442413057 5499147.0 61
1651442420863 5492691.0 62
1651442428738 5515923.0 63
1651442441984 5437839.0 64
