1651441934522 28724362.0 0
1651441942189 28558548.0 1
1651441949849 28583648.0 2
1651441957359 28580988.0 3
1651441964903 28639932.0 4
1651441972507 28641524.0 5
1651441980169 28628980.0 6
1651441987919 28628912.0 7
1651441995668 28644248.0 8
1651442003426 28666796.0 9
1651442011231 28660248.0 10
1651442019000 28652908.0 11
1651442026835 28664574.0 12
1651442034727 28677088.0 13
1651442042689 28658328.0 14
1651442050648 28665108.0 15
1651442058524 28679188.0 16
1651442066436 28677338.0 17
1651442074317 28668330.0 18
1651442082146 28684788.0 19
1651442090015 28662472.0 20
1651442097844 28660934.0 21
1651442105670 28694488.0 22
1651442113476 28675520.0 23
1651442121517 28686494.0 24
1651442129360 28664552.0 25
1651442137202 28660876.0 26
1651442145110 28660200.0 27
1651442153122 28677896.0 28
1651442160970 28661664.0 29
1651442168816 28680942.0 30
1651442176682 28677380.0 31
1651442184696 28674112.0 32
1651442192873 28689348.0 33
1651442200691 28680612.0 34
1651442208604 28672840.0 35
1651442216533 28671440.0 36
1651442224356 28675010.0 37
1651442232218 28679728.0 38
1651442240111 28682240.0 39
1651442247996 28684796.0 40
1651442255870 28696476.0 41
1651442263774 28658062.0 42
1651442271672 28672364.0 43
1651442279555 28685340.0 44
1651442287396 28686758.0 45
1651442295235 28680342.0 46
1651442303080 28675878.0 47
1651442310912 28686524.0 48
1651442318755 28680920.0 49
1651442326627 28664748.0 50
1651442334510 28674860.0 51
1651442342346 28692684.0 52
1651442350205 28682632.0 53
1651442358034 28676240.0 54
1651442365912 28684016.0 55
1651442373744 28688834.0 56
1651442381605 28678262.0 57
1651442389431 28691000.0 58
1651442397273 28687328.0 59
1651442405138 28687860.0 60
1651442413057 28682128.0 61
1651442420863 28692688.0 62
1651442428738 28674900.0 63
1651442441984 28689348.0 64
