1651442466352 0.5666883587837219 0
1651442474250 0.510319173336029 1
1651442482159 0.5111441016197205 2
1651442490132 0.5108596682548523 3
1651442498164 0.5135362148284912 4
1651442506163 0.5107566118240356 5
1651442514099 0.512663722038269 6
1651442521961 0.5137537121772766 7
1651442529881 0.5143674612045288 8
1651442537760 0.5148798823356628 9
1651442545620 0.5190523862838745 10
1651442553523 0.5152580738067627 11
1651442561461 0.5213766098022461 12
1651442569432 0.5149610042572021 13
1651442577401 0.5188657641410828 14
1651442585328 0.5217991471290588 15
1651442593219 0.5201788544654846 16
1651442601146 0.5202392935752869 17
1651442609036 0.5206871628761292 18
1651442617010 0.5228672623634338 19
1651442624968 0.5252726078033447 20
1651442632876 0.5242261290550232 21
1651442640814 0.5230677723884583 22
1651442648720 0.5239849090576172 23
1651442656642 0.5250204205513 24
1651442664534 0.524875819683075 25
1651442672454 0.5263478755950928 26
1651442680378 0.5242506861686707 27
1651442688312 0.527238667011261 28
1651442696208 0.5271201729774475 29
1651442704066 0.5303497314453125 30
1651442717723 0.5666883587837219 31
