1651442466352 7508525.0 0
1651442474250 7352688.0 1
1651442482159 7352688.0 2
1651442490132 7352688.0 3
1651442498164 7352688.0 4
1651442506163 7352688.0 5
1651442514099 7352688.0 6
1651442521961 7352688.0 7
1651442529881 7352688.0 8
1651442537760 7352688.0 9
1651442545620 7352688.0 10
1651442553523 7352688.0 11
1651442561461 7352688.0 12
1651442569432 7352688.0 13
1651442577401 7352688.0 14
1651442585328 7352688.0 15
1651442593219 7352688.0 16
1651442601146 7352688.0 17
1651442609036 7352688.0 18
1651442617010 7352688.0 19
1651442624968 7352688.0 20
1651442632876 7352688.0 21
1651442640814 7352688.0 22
1651442648720 7352688.0 23
1651442656642 7352688.0 24
1651442664534 7352688.0 25
1651442672454 7352688.0 26
1651442680378 7352688.0 27
1651442688312 7352688.0 28
1651442696208 7352688.0 29
1651442704066 7352688.0 30
1651442717723 7508525.0 31
