1651442466352 0.5146298408508301 0
1651442474250 0.49565622210502625 1
1651442482159 0.4953329861164093 2
1651442490132 0.49502435326576233 3
1651442498164 0.49470505118370056 4
1651442506163 0.4944310784339905 5
1651442514099 0.4945076107978821 6
1651442521961 0.494066059589386 7
1651442529881 0.494132936000824 8
1651442537760 0.49399033188819885 9
1651442545620 0.4938586354255676 10
1651442553523 0.4939934015274048 11
1651442561461 0.493796706199646 12
1651442569432 0.49405601620674133 13
1651442577401 0.49391382932662964 14
1651442585328 0.49359527230262756 15
1651442593219 0.49380630254745483 16
1651442601146 0.4937717616558075 17
1651442609036 0.4936923682689667 18
1651442617010 0.4933702349662781 19
1651442624968 0.49329841136932373 20
1651442632876 0.49338987469673157 21
1651442640814 0.4934670925140381 22
1651442648720 0.49333348870277405 23
1651442656642 0.49341073632240295 24
1651442664534 0.49323770403862 25
1651442672454 0.4932922422885895 26
1651442680378 0.49334195256233215 27
1651442688312 0.4930165410041809 28
1651442696208 0.49309277534484863 29
1651442704066 0.4930027425289154 30
1651442717723 0.5146298408508301 31
