1651442466352 0.8110097646713257 0
1651442474250 0.8018418550491333 1
1651442482159 0.8018418550491333 2
1651442490132 0.8018418550491333 3
1651442498164 0.8018418550491333 4
1651442506163 0.8018418550491333 5
1651442514099 0.8018418550491333 6
1651442521961 0.8018418550491333 7
1651442529881 0.8018418550491333 8
1651442537760 0.8018418550491333 9
1651442545620 0.8018418550491333 10
1651442553523 0.8018417954444885 11
1651442561461 0.8018419146537781 12
1651442569432 0.8018418550491333 13
1651442577401 0.8018419742584229 14
1651442585328 0.8018418550491333 15
1651442593219 0.8018417358398438 16
1651442601146 0.8018418550491333 17
1651442609036 0.8018417954444885 18
1651442617010 0.8018417954444885 19
1651442624968 0.8018418550491333 20
1651442632876 0.8018419146537781 21
1651442640814 0.8018418550491333 22
1651442648720 0.8018419146537781 23
1651442656642 0.8018417954444885 24
1651442664534 0.8018418550491333 25
1651442672454 0.8018417954444885 26
1651442680378 0.8018418550491333 27
1651442688312 0.8018417954444885 28
1651442696208 0.8018418550491333 29
1651442704066 0.8018418550491333 30
1651442717723 0.8110097646713257 31
