1651442466352 0.9928874373435974 0
1651442474250 1.0 1
1651442482159 1.0 2
1651442490132 1.0 3
1651442498164 1.0 4
1651442506163 1.0 5
1651442514099 1.0 6
1651442521961 1.0 7
1651442529881 1.0 8
1651442537760 1.0 9
1651442545620 1.0 10
1651442553523 1.0 11
1651442561461 1.0 12
1651442569432 1.0 13
1651442577401 1.0 14
1651442585328 1.0 15
1651442593219 1.0 16
1651442601146 1.0 17
1651442609036 1.0 18
1651442617010 1.0 19
1651442624968 1.0 20
1651442632876 1.0 21
1651442640814 1.0 22
1651442648720 1.0 23
1651442656642 1.0 24
1651442664534 1.0 25
1651442672454 1.0 26
1651442680378 1.0 27
1651442688312 1.0 28
1651442696208 1.0 29
1651442704066 1.0 30
1651442717723 0.9928874373435974 31
