1651442466352 32221172.0 0
1651442474250 29752460.0 1
1651442482159 29752460.0 2
1651442490132 29752464.0 3
1651442498164 29752460.0 4
1651442506163 29752458.0 5
1651442514099 29752464.0 6
1651442521961 29752464.0 7
1651442529881 29752464.0 8
1651442537760 29752470.0 9
1651442545620 29752460.0 10
1651442553523 29752462.0 11
1651442561461 29752466.0 12
1651442569432 29752464.0 13
1651442577401 29752474.0 14
1651442585328 29752468.0 15
1651442593219 29752454.0 16
1651442601146 29752468.0 17
1651442609036 29752452.0 18
1651442617010 29752456.0 19
1651442624968 29752470.0 20
1651442632876 29752466.0 21
1651442640814 29752464.0 22
1651442648720 29752472.0 23
1651442656642 29752462.0 24
1651442664534 29752460.0 25
1651442672454 29752456.0 26
1651442680378 29752464.0 27
1651442688312 29752456.0 28
1651442696208 29752460.0 29
1651442704066 29752460.0 30
1651442717723 32221172.0 31
