1651504991663 0.8028014898300171 0
1651504994381 0.8036501407623291 1
1651504996974 0.8036501407623291 2
1651504999702 0.8036501407623291 3
1651505002426 0.8036501407623291 4
1651505005179 0.8036501407623291 5
1651505007801 0.8036501407623291 6
1651505010415 0.8036501407623291 7
1651505013164 0.8036501407623291 8
1651505015892 0.8036501407623291 9
1651505018618 0.8036501407623291 10
1651505021342 0.8036501407623291 11
1651505024067 0.8036501407623291 12
1651505026723 0.8354085683822632 13
1651505029351 0.8829119801521301 14
1651505032112 0.8945990204811096 15
1651505034853 0.9024441838264465 16
1651505037606 0.9079987406730652 17
1651505040361 0.9113802313804626 18
1651505042975 0.9146920442581177 19
1651505045615 0.91591876745224 20
1651505048369 0.9192386269569397 21
1651505051120 0.9190672636032104 22
1651505053849 0.9198033213615417 23
1651505056579 0.9212629199028015 24
1651505059185 0.9220564365386963 25
1651505061829 0.9224912524223328 26
1651505064553 0.9231222867965698 27
1651505067274 0.9238067865371704 28
1651505069998 0.9231494069099426 29
1651505072620 0.9237033128738403 30
1651505075351 0.9243168234825134 31
1651505077951 0.9246188998222351 32
1651505080674 0.9242395162582397 33
1651505083285 0.92399001121521 34
1651505086031 0.9251843690872192 35
1651505088757 0.9258984923362732 36
1651505091476 0.9257490634918213 37
1651505094203 0.9253308773040771 38
1651505096816 0.9259898662567139 39
1651505099419 0.9251992702484131 40
1651505102144 0.9238780736923218 41
1651505104731 0.9249442219734192 42
1651505107453 0.9257420897483826 43
1651505110103 0.9259995818138123 44
1651505112847 0.9266543388366699 45
1651505115569 0.9264543056488037 46
1651505118167 0.9269617199897766 47
1651505120895 0.9268814921379089 48
1651505123501 0.9272488951683044 49
1651505126125 0.9271730780601501 50
1651505128746 0.9282582998275757 51
1651505131473 0.9262505173683167 52
1651505134204 0.9277154803276062 53
1651505136950 0.9288836717605591 54
1651505139540 0.9277015328407288 55
1651505142272 0.9280459880828857 56
1651505144998 0.928481936454773 57
1651505147717 0.928816020488739 58
1651505150378 0.9281435012817383 59
1651505152985 0.9288705587387085 60
1651505155608 0.9291704893112183 61
1651505158357 0.9286925196647644 62
1651505160988 0.9287719130516052 63
1651505163609 0.9282222390174866 64
1651505166352 0.9288802742958069 65
1651505168979 0.9294868111610413 66
1651505171642 0.9303058981895447 67
1651505174242 0.9297484755516052 68
1651505176880 0.9303392171859741 69
1651505179613 0.9301682710647583 70
1651505182222 0.9292848706245422 71
1651505184947 0.9302667379379272 72
1651505187673 0.9303186535835266 73
1651505190280 0.930199146270752 74
1651505192914 0.9295709133148193 75
1651505195639 0.9296110272407532 76
1651505198368 0.9304497838020325 77
1651505201091 0.9302919507026672 78
1651505203716 0.9300535917282104 79
1651505206711 0.9317281246185303 80
1651505209557 0.9318832159042358 81
1651505212289 0.9319701790809631 82
1651505215018 0.9321472644805908 83
1651505217843 0.9318623542785645 84
1651505220568 0.9316904544830322 85
1651505223298 0.9320990443229675 86
1651505225928 0.9331978559494019 87
1651505228547 0.9330982565879822 88
1651505231276 0.9325233697891235 89
1651505233872 0.9329970479011536 90
1651505236709 0.9328553676605225 91
1651505239667 0.9322617650032043 92
1651505242401 0.9333646297454834 93
1651505245135 0.93352872133255 94
1651505247858 0.9337869882583618 95
1651505250718 0.9340813159942627 96
1651505253692 0.9333705902099609 97
1651505256419 0.9340269565582275 98
1651505259154 0.9334333539009094 99
1651505261885 0.933873176574707 100
1651505264520 0.9343212842941284 101
1651505267137 0.9341474175453186 102
1651505269867 0.9347058534622192 103
1651505272475 0.9350062608718872 104
1651505275198 0.9351335167884827 105
1651505277926 0.9342577457427979 106
1651505280657 0.9351746439933777 107
1651505283256 0.93411785364151 108
1651505285987 0.9346972703933716 109
1651505288719 0.9340221285820007 110
1651505291344 0.934737503528595 111
1651505294080 0.9358751177787781 112
1651505296806 0.935350239276886 113
1651505299532 0.9362375140190125 114
1651505302144 0.9362810254096985 115
1651505305110 0.9350640177726746 116
1651505307833 0.9358494281768799 117
1651505310570 0.9347360730171204 118
1651505313196 0.9356915950775146 119
1651505315947 0.9360319972038269 120
1651505318571 0.936347484588623 121
1651505321308 0.9365776181221008 122
1651505324030 0.9369655251502991 123
1651505326626 0.9355403780937195 124
1651505329353 0.9369815587997437 125
1651505331958 0.9368950724601746 126
1651505334590 0.9375470280647278 127
1651505337320 0.936933696269989 128
1651505340051 0.9381610751152039 129
1651505342682 0.9376717209815979 130
1651505345415 0.9374356269836426 131
1651505348023 0.9380069375038147 132
1651505350628 0.936833918094635 133
1651505353361 0.9372614622116089 134
1651505356086 0.9381422996520996 135
1651505358696 0.9374585747718811 136
1651505361313 0.9370436668395996 137
1651505364036 0.9373442530632019 138
1651505366638 0.9376785159111023 139
1651505369242 0.9379927515983582 140
1651505371885 0.9401269555091858 141
1651505374622 0.9389981031417847 142
1651505377226 0.9393166303634644 143
1651505379952 0.9400679469108582 144
1651505382663 0.9399831891059875 145
1651505385309 0.9399833679199219 146
1651505444482 0.9350640177726746 147
