1651504991663 0.45898932218551636 0
1651504994381 0.40881484746932983 1
1651504996974 0.48996350169181824 2
1651504999702 0.5810889005661011 3
1651505002426 0.7775370478630066 4
1651505005179 0.8742976784706116 5
1651505007801 0.9052544832229614 6
1651505010415 0.9177598357200623 7
1651505013164 0.9238234162330627 8
1651505015892 0.9302965402603149 9
1651505018618 0.9360102415084839 10
1651505021342 0.934137225151062 11
1651505024067 0.9395418167114258 12
1651505026723 0.9411237835884094 13
1651505029351 0.9430180788040161 14
1651505032112 0.9447121024131775 15
1651505034853 0.9457528591156006 16
1651505037606 0.9483125805854797 17
1651505040361 0.94884192943573 18
1651505042975 0.9471732974052429 19
1651505045615 0.9488785862922668 20
1651505048369 0.9505150318145752 21
1651505051120 0.951350748538971 22
1651505053849 0.9521622657775879 23
1651505056579 0.9507415890693665 24
1651505059185 0.9526148438453674 25
1651505061829 0.9528525471687317 26
1651505064553 0.9527648687362671 27
1651505067274 0.9526190757751465 28
1651505069998 0.9536843299865723 29
1651505072620 0.9527920484542847 30
1651505075351 0.9537602663040161 31
1651505077951 0.9540053606033325 32
1651505080674 0.9552646279335022 33
1651505083285 0.9544944167137146 34
1651505086031 0.9568951725959778 35
1651505088757 0.9564903974533081 36
1651505091476 0.9563004970550537 37
1651505094203 0.9560955166816711 38
1651505096816 0.9560023546218872 39
1651505099419 0.9560330510139465 40
1651505102144 0.9510945081710815 41
1651505104731 0.9518247246742249 42
1651505107453 0.9537673592567444 43
1651505110103 0.9541702270507812 44
1651505112847 0.9562929272651672 45
1651505115569 0.9570766091346741 46
1651505118167 0.9597194790840149 47
1651505120895 0.9590842127799988 48
1651505123501 0.9593404531478882 49
1651505126125 0.9590129852294922 50
1651505128746 0.95954430103302 51
1651505131473 0.958376407623291 52
1651505134204 0.9588789343833923 53
1651505136950 0.9601565599441528 54
1651505139540 0.9599059820175171 55
1651505142272 0.9620423913002014 56
1651505144998 0.9616687893867493 57
1651505147717 0.9610769152641296 58
1651505150378 0.9613566398620605 59
1651505152985 0.9617905020713806 60
1651505155608 0.9609245657920837 61
1651505158357 0.9596053957939148 62
1651505160988 0.9611013531684875 63
1651505163609 0.959465503692627 64
1651505166352 0.959940493106842 65
1651505168979 0.9618388414382935 66
1651505171642 0.9624959826469421 67
1651505174242 0.9643770456314087 68
1651505176880 0.9631799459457397 69
1651505179613 0.9618616700172424 70
1651505182222 0.9626646041870117 71
1651505184947 0.9627965092658997 72
1651505187673 0.9629372358322144 73
1651505190280 0.9610704183578491 74
1651505192914 0.9606260061264038 75
1651505195639 0.9607709646224976 76
1651505198368 0.9643986225128174 77
1651505201091 0.9620353579521179 78
1651505203716 0.9630646705627441 79
1651505206711 0.962939441204071 80
1651505209557 0.9653835892677307 81
1651505212289 0.965440571308136 82
1651505215018 0.9638570547103882 83
1651505217843 0.9628421664237976 84
1651505220568 0.9642459750175476 85
1651505223298 0.9641110897064209 86
1651505225928 0.9665759801864624 87
1651505228547 0.9631325602531433 88
1651505231276 0.9655349850654602 89
1651505233872 0.9660316705703735 90
1651505236709 0.9640598297119141 91
1651505239667 0.9653548002243042 92
1651505242401 0.9658839106559753 93
1651505245135 0.9666698575019836 94
1651505247858 0.967421293258667 95
1651505250718 0.9670154452323914 96
1651505253692 0.9670879244804382 97
1651505256419 0.9666961431503296 98
1651505259154 0.96653813123703 99
1651505261885 0.967677652835846 100
1651505264520 0.9671867489814758 101
1651505267137 0.969186007976532 102
1651505269867 0.9679852724075317 103
1651505272475 0.9680466055870056 104
1651505275198 0.9673001766204834 105
1651505277926 0.9683943390846252 106
1651505280657 0.9679434299468994 107
1651505283256 0.9644405841827393 108
1651505285987 0.968020498752594 109
1651505288719 0.965428352355957 110
1651505291344 0.9677825570106506 111
1651505294080 0.9678836464881897 112
1651505296806 0.9676121473312378 113
1651505299532 0.9693506956100464 114
1651505302144 0.9689914584159851 115
1651505305110 0.9683142304420471 116
1651505307833 0.9681447744369507 117
1651505310570 0.967969536781311 118
1651505313196 0.9693309664726257 119
1651505315947 0.9696701169013977 120
1651505318571 0.9690008759498596 121
1651505321308 0.9694452881813049 122
1651505324030 0.9698305130004883 123
1651505326626 0.9692309498786926 124
1651505329353 0.969441831111908 125
1651505331958 0.9690247774124146 126
1651505334590 0.9707579016685486 127
1651505337320 0.9697520732879639 128
1651505340051 0.9708929657936096 129
1651505342682 0.9702039361000061 130
1651505345415 0.9711834192276001 131
1651505348023 0.9704394936561584 132
1651505350628 0.969115674495697 133
1651505353361 0.9709645509719849 134
1651505356086 0.9715070128440857 135
1651505358696 0.9694103598594666 136
1651505361313 0.9697661399841309 137
1651505364036 0.9704433679580688 138
1651505366638 0.9708040356636047 139
1651505369242 0.971306324005127 140
1651505371885 0.970674455165863 141
1651505374622 0.9714029431343079 142
1651505377226 0.9728351831436157 143
1651505379952 0.9720361828804016 144
1651505382663 0.972739040851593 145
1651505385309 0.971349835395813 146
1651505444482 0.9683142304420471 147
