1651504991663 24276.0 0
1651504994381 0.0 1
1651504996974 0.0 2
1651504999702 0.0 3
1651505002426 0.0 4
1651505005179 0.0 5
1651505007801 0.0 6
1651505010415 0.0 7
1651505013164 0.0 8
1651505015892 0.0 9
1651505018618 0.0 10
1651505021342 0.0 11
1651505024067 0.0 12
1651505026723 36250.0 13
1651505029351 99412.0 14
1651505032112 121808.0 15
1651505034853 136960.0 16
1651505037606 144281.0 17
1651505040361 147443.0 18
1651505042975 163601.0 19
1651505045615 159166.0 20
1651505048369 174939.0 21
1651505051120 165991.0 22
1651505053849 173551.0 23
1651505056579 183570.0 24
1651505059185 175155.0 25
1651505061829 181150.0 26
1651505064553 184841.0 27
1651505067274 195210.0 28
1651505069998 181841.0 29
1651505072620 196931.0 30
1651505075351 186777.0 31
1651505077951 207185.0 32
1651505080674 178557.0 33
1651505083285 192136.0 34
1651505086031 206605.0 35
1651505088757 195020.0 36
1651505091476 184977.0 37
1651505094203 193280.0 38
1651505096816 204138.0 39
1651505099419 186083.0 40
1651505102144 205635.0 41
1651505104731 205961.0 42
1651505107453 206825.0 43
1651505110103 200418.0 44
1651505112847 200680.0 45
1651505115569 205500.0 46
1651505118167 197211.0 47
1651505120895 210408.0 48
1651505123501 185723.0 49
1651505126125 206795.0 50
1651505128746 208281.0 51
1651505131473 198468.0 52
1651505134204 193046.0 53
1651505136950 195814.0 54
1651505139540 201923.0 55
1651505142272 192315.0 56
1651505144998 197248.0 57
1651505147717 206913.0 58
1651505150378 194046.0 59
1651505152985 204940.0 60
1651505155608 180636.0 61
1651505158357 216027.0 62
1651505160988 196606.0 63
1651505163609 205524.0 64
1651505166352 203681.0 65
1651505168979 206110.0 66
1651505171642 203086.0 67
1651505174242 201115.0 68
1651505176880 201042.0 69
1651505179613 222432.0 70
1651505182222 194437.0 71
1651505184947 213157.0 72
1651505187673 205808.0 73
1651505190280 193339.0 74
1651505192914 210477.0 75
1651505195639 217449.0 76
1651505198368 181611.0 77
1651505201091 205499.0 78
1651505203716 205319.0 79
1651505206711 217371.0 80
1651505209557 205040.0 81
1651505212289 204308.0 82
1651505215018 199229.0 83
1651505217843 205673.0 84
1651505220568 207469.0 85
1651505223298 218798.0 86
1651505225928 208276.0 87
1651505228547 206315.0 88
1651505231276 207956.0 89
1651505233872 211373.0 90
1651505236709 207789.0 91
1651505239667 208182.0 92
1651505242401 202524.0 93
1651505245135 204582.0 94
1651505247858 205252.0 95
1651505250718 210706.0 96
1651505253692 199319.0 97
1651505256419 209117.0 98
1651505259154 212238.0 99
1651505261885 202686.0 100
1651505264520 224972.0 101
1651505267137 194719.0 102
1651505269867 205097.0 103
1651505272475 201061.0 104
1651505275198 210036.0 105
1651505277926 200367.0 106
1651505280657 195272.0 107
1651505283256 225866.0 108
1651505285987 183489.0 109
1651505288719 225411.0 110
1651505291344 188419.0 111
1651505294080 203764.0 112
1651505296806 216453.0 113
1651505299532 191038.0 114
1651505302144 213613.0 115
1651505305110 203230.0 116
1651505307833 202908.0 117
1651505310570 221054.0 118
1651505313196 189145.0 119
1651505315947 209316.0 120
1651505318571 200326.0 121
1651505321308 210812.0 122
1651505324030 199704.0 123
1651505326626 223881.0 124
1651505329353 184453.0 125
1651505331958 221221.0 126
1651505334590 190624.0 127
1651505337320 207969.0 128
1651505340051 198076.0 129
1651505342682 215704.0 130
1651505345415 195969.0 131
1651505348023 211137.0 132
1651505350628 220848.0 133
1651505353361 192170.0 134
1651505356086 200811.0 135
1651505358696 207928.0 136
1651505361313 211449.0 137
1651505364036 201642.0 138
1651505366638 208910.0 139
1651505369242 206075.0 140
1651505371885 201254.0 141
1651505374622 209632.0 142
1651505377226 193746.0 143
1651505379952 204747.0 144
1651505382663 202493.0 145
1651505385309 208893.0 146
1651505444482 203230.0 147
