1651504991663 1851060.0 0
1651504994381 1214215.0 1
1651504996974 1214215.0 2
1651504999702 1214215.0 3
1651505002426 1214215.0 4
1651505005179 1214215.0 5
1651505007801 1214215.0 6
1651505010415 1214215.0 7
1651505013164 1214215.0 8
1651505015892 1214215.0 9
1651505018618 1214215.0 10
1651505021342 1214215.0 11
1651505024067 1214215.0 12
1651505026723 981573.0 13
1651505029351 624653.0 14
1651505032112 529985.0 15
1651505034853 466319.0 16
1651505037606 424649.0 17
1651505040361 400576.0 18
1651505042975 363938.0 19
1651505045615 360787.0 20
1651505048369 324484.0 21
1651505051120 334492.0 22
1651505053849 322380.0 23
1651505056579 303335.0 24
1651505059185 306843.0 25
1651505061829 298159.0 26
1651505064553 290566.0 27
1651505067274 275964.0 28
1651505069998 293398.0 29
1651505072620 274883.0 30
1651505075351 281243.0 31
1651505077951 258967.0 32
1651505080674 289941.0 33
1651505083285 277905.0 34
1651505086031 256050.0 35
1651505088757 263219.0 36
1651505091476 274186.0 37
1651505094203 268469.0 38
1651505096816 253536.0 39
1651505099419 276480.0 40
1651505102144 265098.0 41
1651505104731 258179.0 42
1651505107453 252381.0 43
1651505110103 257196.0 44
1651505112847 252885.0 45
1651505115569 249302.0 46
1651505118167 254453.0 47
1651505120895 241752.0 48
1651505123501 264165.0 49
1651505126125 243562.0 50
1651505128746 235365.0 51
1651505131473 257594.0 52
1651505134204 253957.0 53
1651505136950 243965.0 54
1651505139540 245166.0 55
1651505142272 252644.0 56
1651505144998 245015.0 57
1651505147717 233284.0 58
1651505150378 250310.0 59
1651505152985 234920.0 60
1651505155608 257369.0 61
1651505158357 224934.0 62
1651505160988 243864.0 63
1651505163609 238345.0 64
1651505166352 236119.0 65
1651505168979 229939.0 66
1651505171642 227898.0 67
1651505174242 233316.0 68
1651505176880 229736.0 69
1651505179613 209403.0 70
1651505182222 242861.0 71
1651505184947 218069.0 72
1651505187673 225097.0 73
1651505190280 238305.0 74
1651505192914 225052.0 75
1651505195639 217832.0 76
1651505198368 248483.0 77
1651505201091 225571.0 78
1651505203716 227225.0 79
1651505206711 204818.0 80
1651505209557 216190.0 81
1651505212289 216384.0 82
1651505215018 220368.0 83
1651505217843 215686.0 84
1651505220568 214953.0 85
1651505223298 201097.0 86
1651505225928 204824.0 87
1651505228547 207401.0 88
1651505231276 209315.0 89
1651505233872 202969.0 90
1651505236709 207429.0 91
1651505239667 210707.0 92
1651505242401 209545.0 93
1651505245135 206472.0 94
1651505247858 204205.0 95
1651505250718 196931.0 96
1651505253692 212713.0 97
1651505256419 198856.0 98
1651505259154 199406.0 99
1651505261885 206238.0 100
1651505264520 181181.0 101
1651505267137 212509.0 102
1651505269867 198678.0 103
1651505272475 200856.0 104
1651505275198 191094.0 105
1651505277926 206179.0 106
1651505280657 205604.0 107
1651505283256 181545.0 108
1651505285987 220339.0 109
1651505288719 182592.0 110
1651505291344 215160.0 111
1651505294080 192780.0 112
1651505296806 183337.0 113
1651505299532 203265.0 114
1651505302144 180421.0 115
1651505305110 198330.0 116
1651505307833 193795.0 117
1651505310570 182534.0 118
1651505313196 208534.0 119
1651505315947 186258.0 120
1651505318571 193297.0 121
1651505321308 181388.0 122
1651505324030 190097.0 123
1651505326626 174733.0 124
1651505329353 205249.0 125
1651505331958 169016.0 126
1651505334590 195581.0 127
1651505337320 182029.0 128
1651505340051 184332.0 129
1651505342682 169730.0 130
1651505345415 190925.0 131
1651505348023 172224.0 132
1651505350628 169767.0 133
1651505353361 195801.0 134
1651505356086 181713.0 135
1651505358696 178824.0 136
1651505361313 177869.0 137
1651505364036 185817.0 138
1651505366638 176482.0 139
1651505369242 177374.0 140
1651505371885 168997.0 141
1651505374622 167600.0 142
1651505377226 181516.0 143
1651505379952 165869.0 144
1651505382663 168647.0 145
1651505385309 162246.0 146
1651505444482 198330.0 147
