1651504991663 0.6686342358589172 0
1651504994381 0.5736164450645447 1
1651504996974 0.5246827602386475 2
1651504999702 0.49323007464408875 3
1651505002426 0.4304063022136688 4
1651505005179 0.3656229078769684 5
1651505007801 0.3302842676639557 6
1651505010415 0.3111611306667328 7
1651505013164 0.300607830286026 8
1651505015892 0.28925368189811707 9
1651505018618 0.280966579914093 10
1651505021342 0.2819826900959015 11
1651505024067 0.27192482352256775 12
1651505026723 0.2676285207271576 13
1651505029351 0.26350119709968567 14
1651505032112 0.26042816042900085 15
1651505034853 0.2593081593513489 16
1651505037606 0.2561459243297577 17
1651505040361 0.2547835111618042 18
1651505042975 0.2560637891292572 19
1651505045615 0.25346440076828003 20
1651505048369 0.250808984041214 21
1651505051120 0.2502177059650421 22
1651505053849 0.2479894906282425 23
1651505056579 0.24912630021572113 24
1651505059185 0.24649211764335632 25
1651505061829 0.24723081290721893 26
1651505064553 0.24623119831085205 27
1651505067274 0.2455378770828247 28
1651505069998 0.24402327835559845 29
1651505072620 0.24485400319099426 30
1651505075351 0.2443898767232895 31
1651505077951 0.24136635661125183 32
1651505080674 0.24075515568256378 33
1651505083285 0.2422226518392563 34
1651505086031 0.23775628209114075 35
1651505088757 0.237920880317688 36
1651505091476 0.23906423151493073 37
1651505094203 0.23738951981067657 38
1651505096816 0.23773373663425446 39
1651505099419 0.2379254549741745 40
1651505102144 0.24426202476024628 41
1651505104731 0.24281543493270874 42
1651505107453 0.23961712419986725 43
1651505110103 0.2396123856306076 44
1651505112847 0.23573550581932068 45
1651505115569 0.23360489308834076 46
1651505118167 0.23147369921207428 47
1651505120895 0.2310987114906311 48
1651505123501 0.2316514551639557 49
1651505126125 0.23038244247436523 50
1651505128746 0.2291257083415985 51
1651505131473 0.23216624557971954 52
1651505134204 0.2303158938884735 53
1651505136950 0.2275839000940323 54
1651505139540 0.22760647535324097 55
1651505142272 0.2252727448940277 56
1651505144998 0.2252291887998581 57
1651505147717 0.22452467679977417 58
1651505150378 0.2243964821100235 59
1651505152985 0.22429175674915314 60
1651505155608 0.22571870684623718 61
1651505158357 0.22598932683467865 62
1651505160988 0.2232818454504013 63
1651505163609 0.22636526823043823 64
1651505166352 0.2258976548910141 65
1651505168979 0.2211519032716751 66
1651505171642 0.21913667023181915 67
1651505174242 0.21871338784694672 68
1651505176880 0.21899814903736115 69
1651505179613 0.2191113829612732 70
1651505182222 0.21900129318237305 71
1651505184947 0.2176498919725418 72
1651505187673 0.21884724497795105 73
1651505190280 0.22141394019126892 74
1651505192914 0.21993707120418549 75
1651505195639 0.2189616560935974 76
1651505198368 0.21588234603405 77
1651505201091 0.2176361232995987 78
1651505203716 0.2159305214881897 79
1651505206711 0.21372820436954498 80
1651505209557 0.21079176664352417 81
1651505212289 0.2105790674686432 82
1651505215018 0.21279694139957428 83
1651505217843 0.21385008096694946 84
1651505220568 0.212309792637825 85
1651505223298 0.21056599915027618 86
1651505225928 0.2070832997560501 87
1651505228547 0.21169959008693695 88
1651505231276 0.2082699090242386 89
1651505233872 0.20695069432258606 90
1651505236709 0.20946766436100006 91
1651505239667 0.2079850137233734 92
1651505242401 0.20515625178813934 93
1651505245135 0.20505879819393158 94
1651505247858 0.2029792219400406 95
1651505250718 0.20260804891586304 96
1651505253692 0.20494164526462555 97
1651505256419 0.20373331010341644 98
1651505259154 0.20341993868350983 99
1651505261885 0.20176684856414795 100
1651505264520 0.20013242959976196 101
1651505267137 0.20054680109024048 102
1651505269867 0.20036570727825165 103
1651505272475 0.19969342648983002 104
1651505275198 0.19993573427200317 105
1651505277926 0.2006637006998062 106
1651505280657 0.20013810694217682 107
1651505283256 0.2040444314479828 108
1651505285987 0.2012031078338623 109
1651505288719 0.20146290957927704 110
1651505291344 0.20093809068202972 111
1651505294080 0.19807179272174835 112
1651505296806 0.1967918574810028 113
1651505299532 0.19580456614494324 114
1651505302144 0.19522398710250854 115
1651505305110 0.19704921543598175 116
1651505307833 0.19660276174545288 117
1651505310570 0.19538389146327972 118
1651505313196 0.19522053003311157 119
1651505315947 0.19396810233592987 120
1651505318571 0.1948011815547943 121
1651505321308 0.19112436473369598 122
1651505324030 0.19176512956619263 123
1651505326626 0.19240042567253113 124
1651505329353 0.1943129003047943 125
1651505331958 0.19062741100788116 126
1651505334590 0.19004417955875397 127
1651505337320 0.1905718445777893 128
1651505340051 0.18829727172851562 129
1651505342682 0.18776609003543854 130
1651505345415 0.18822439014911652 131
1651505348023 0.18745870888233185 132
1651505350628 0.18945764005184174 133
1651505353361 0.18912656605243683 134
1651505356086 0.1872657984495163 135
1651505358696 0.18900562822818756 136
1651505361313 0.18893280625343323 137
1651505364036 0.18772949278354645 138
1651505366638 0.18639139831066132 139
1651505369242 0.18461601436138153 140
1651505371885 0.18386761844158173 141
1651505374622 0.18330445885658264 142
1651505377226 0.18216149508953094 143
1651505379952 0.1820174753665924 144
1651505382663 0.18097805976867676 145
1651505385309 0.18257863819599152 146
1651505444482 0.19704921543598175 147
