1651504991663 0.8047646880149841 0
1651504994381 0.8036501407623291 1
1651504996974 0.8036501407623291 2
1651504999702 0.8036501407623291 3
1651505002426 0.8036501407623291 4
1651505005179 0.8036501407623291 5
1651505007801 0.8036501407623291 6
1651505010415 0.8036501407623291 7
1651505013164 0.8036501407623291 8
1651505015892 0.8036501407623291 9
1651505018618 0.8036501407623291 10
1651505021342 0.8036501407623291 11
1651505024067 0.8036501407623291 12
1651505026723 0.8340548276901245 13
1651505029351 0.8863226175308228 14
1651505032112 0.9014512896537781 15
1651505034853 0.9120000004768372 16
1651505037606 0.9191158413887024 17
1651505040361 0.9233032464981079 18
1651505042975 0.9296066164970398 19
1651505045615 0.9302334189414978 20
1651505048369 0.9366151094436646 21
1651505051120 0.934901237487793 22
1651505053849 0.9370173215866089 23
1651505056579 0.940399706363678 24
1651505059185 0.9398513436317444 25
1651505061829 0.9413849115371704 26
1651505064553 0.9427506327629089 27
1651505067274 0.9453588128089905 28
1651505069998 0.9422590136528015 29
1651505072620 0.9455426335334778 30
1651505075351 0.9444643259048462 31
1651505077951 0.9484283924102783 32
1651505080674 0.942937433719635 33
1651505083285 0.945029079914093 34
1651505086031 0.9489855766296387 35
1651505088757 0.9477524161338806 36
1651505091476 0.9458015561103821 37
1651505094203 0.9467841982841492 38
1651505096816 0.9494859576225281 39
1651505099419 0.9453609585762024 40
1651505102144 0.9472880959510803 41
1651505104731 0.9485898017883301 42
1651505107453 0.9496775269508362 43
1651505110103 0.9488319754600525 44
1651505112847 0.9496438503265381 45
1651505115569 0.9502741098403931 46
1651505118167 0.9493823647499084 47
1651505120895 0.9516599178314209 48
1651505123501 0.9476710557937622 49
1651505126125 0.951350748538971 50
1651505128746 0.9528968930244446 51
1651505131473 0.9487767219543457 52
1651505134204 0.9495178461074829 53
1651505136950 0.9513807892799377 54
1651505139540 0.9510936141014099 55
1651505142272 0.9497730731964111 56
1651505144998 0.9511678218841553 57
1651505147717 0.9533066749572754 58
1651505150378 0.9501968026161194 59
1651505152985 0.9530131816864014 60
1651505155608 0.9490000009536743 61
1651505158357 0.9548200964927673 62
1651505160988 0.9513922333717346 63
1651505163609 0.9523552060127258 64
1651505166352 0.9527965784072876 65
1651505168979 0.9539527893066406 66
1651505171642 0.9543704986572266 67
1651505174242 0.9533547163009644 68
1651505176880 0.9540382027626038 69
1651505179613 0.9577534794807434 70
1651505182222 0.9516034126281738 71
1651505184947 0.9561638236045837 72
1651505187673 0.9548814296722412 73
1651505190280 0.9524785876274109 74
1651505192914 0.9548478126525879 75
1651505195639 0.9561715126037598 76
1651505198368 0.9506644606590271 77
1651505201091 0.9547935128211975 78
1651505203716 0.9544787406921387 79
1651505206711 0.9586824774742126 80
1651505209557 0.9565959572792053 81
1651505212289 0.9565650820732117 82
1651505215018 0.9558457136154175 83
1651505217843 0.9566872715950012 84
1651505220568 0.9568125009536743 85
1651505223298 0.9593909382820129 86
1651505225928 0.9587569832801819 87
1651505228547 0.9582762122154236 88
1651505231276 0.957893431186676 89
1651505233872 0.9590896964073181 90
1651505236709 0.9582583904266357 91
1651505239667 0.9576233625411987 92
1651505242401 0.9578951597213745 93
1651505245135 0.958469808101654 94
1651505247858 0.9589015245437622 95
1651505250718 0.9602636694908142 96
1651505253692 0.9573132395744324 97
1651505256419 0.9599037170410156 98
1651505259154 0.9597719311714172 99
1651505261885 0.9585307240486145 100
1651505264520 0.9632189273834229 101
1651505267137 0.9573917984962463 102
1651505269867 0.9599705934524536 103
1651505272475 0.9595823884010315 104
1651505275198 0.9614012241363525 105
1651505277926 0.9585614204406738 106
1651505280657 0.958714485168457 107
1651505283256 0.9631410837173462 108
1651505285987 0.9559900164604187 109
1651505288719 0.9629397988319397 110
1651505291344 0.9569375514984131 111
1651505294080 0.9611231684684753 112
1651505296806 0.9628617167472839 113
1651505299532 0.9591996669769287 114
1651505302144 0.9634518623352051 115
1651505305110 0.9600529670715332 116
1651505307833 0.9609332084655762 117
1651505310570 0.9629838466644287 118
1651505313196 0.9582021832466125 119
1651505315947 0.9623467326164246 120
1651505318571 0.9610499739646912 121
1651505321308 0.9632840156555176 122
1651505324030 0.9616748690605164 123
1651505326626 0.9644892811775208 124
1651505329353 0.9588721990585327 125
1651505331958 0.9656298160552979 126
1651505334590 0.9606847167015076 127
1651505337320 0.9631801843643188 128
1651505340051 0.9628061056137085 129
1651505342682 0.9655283093452454 130
1651505345415 0.9615433216094971 131
1651505348023 0.9650718569755554 132
1651505350628 0.9654849767684937 133
1651505353361 0.9606299996376038 134
1651505356086 0.9632949233055115 135
1651505358696 0.9638053178787231 136
1651505361313 0.9639659523963928 137
1651505364036 0.9624907374382019 138
1651505366638 0.9642553329467773 139
1651505369242 0.9641017317771912 140
1651505371885 0.9657725095748901 141
1651505374622 0.9659880995750427 142
1651505377226 0.9633855223655701 143
1651505379952 0.9663609266281128 144
1651505382663 0.9658324122428894 145
1651505385309 0.9670437574386597 146
1651505444482 0.9600529670715332 147
