1651504991663 0.9968284964561462 0
1651504994381 1.0 1
1651504996974 1.0 2
1651504999702 1.0 3
1651505002426 1.0 4
1651505005179 1.0 5
1651505007801 1.0 6
1651505010415 1.0 7
1651505013164 1.0 8
1651505015892 1.0 9
1651505018618 1.0 10
1651505021342 1.0 11
1651505024067 1.0 12
1651505026723 0.9927058219909668 13
1651505029351 0.9799964427947998 14
1651505032112 0.9754899740219116 15
1651505034853 0.9724411368370056 16
1651505037606 0.9709680080413818 17
1651505040361 0.9703317284584045 18
1651505042975 0.9670804738998413 19
1651505045615 0.9679728746414185 20
1651505048369 0.9647990465164185 21
1651505051120 0.9665995240211487 22
1651505053849 0.9650782942771912 23
1651505056579 0.9630622863769531 24
1651505059185 0.9647555947303772 25
1651505061829 0.9635492563247681 26
1651505064553 0.9628065824508667 27
1651505067274 0.9607201218605042 28
1651505069998 0.9634101986885071 29
1651505072620 0.9603738188743591 30
1651505075351 0.9624170064926147 31
1651505077951 0.9583105444908142 32
1651505080674 0.9640710353851318 33
1651505083285 0.9613386988639832 34
1651505086031 0.9584272503852844 35
1651505088757 0.96075838804245 36
1651505091476 0.9627792239189148 37
1651505094203 0.9611085057258606 38
1651505096816 0.9589236378669739 39
1651505099419 0.9625566601753235 40
1651505102144 0.958622395992279 41
1651505104731 0.9585568308830261 42
1651505107453 0.9583829641342163 43
1651505110103 0.959672212600708 44
1651505112847 0.9596194624900818 45
1651505115569 0.9586495757102966 46
1651505118167 0.9603174924850464 47
1651505120895 0.9576619863510132 48
1651505123501 0.9626290798187256 49
1651505126125 0.9583889842033386 50
1651505128746 0.9580900073051453 51
1651505131473 0.9600645303726196 52
1651505134204 0.9611555933952332 53
1651505136950 0.9605985879898071 54
1651505139540 0.9593693614006042 55
1651505142272 0.961302638053894 56
1651505144998 0.9603100419044495 57
1651505147717 0.958365261554718 58
1651505150378 0.9609543681144714 59
1651505152985 0.9587622880935669 60
1651505155608 0.9636526703834534 61
1651505158357 0.9565313458442688 62
1651505160988 0.9604392051696777 63
1651505163609 0.9586447477340698 64
1651505166352 0.9590156078338623 65
1651505168979 0.9585268497467041 66
1651505171642 0.9591353535652161 67
1651505174242 0.9595319628715515 68
1651505176880 0.9595466256141663 69
1651505179613 0.9552425742149353 70
1651505182222 0.9608756899833679 71
1651505184947 0.9571088552474976 72
1651505187673 0.9585875868797302 73
1651505190280 0.9610965847969055 74
1651505192914 0.9576480984687805 75
1651505195639 0.9562452435493469 76
1651505198368 0.9634565114974976 77
1651505201091 0.9586498141288757 78
1651505203716 0.9586859941482544 79
1651505206711 0.9562609195709229 80
1651505209557 0.9587421417236328 81
1651505212289 0.9588894248008728 82
1651505215018 0.9599114060401917 83
1651505217843 0.9586147665977478 84
1651505220568 0.9582533836364746 85
1651505223298 0.9559738039970398 86
1651505225928 0.9580910205841064 87
1651505228547 0.9584856033325195 88
1651505231276 0.9581553936004639 89
1651505233872 0.9574678540229797 90
1651505236709 0.9581890106201172 91
1651505239667 0.9581099152565002 92
1651505242401 0.959248423576355 93
1651505245135 0.9588342905044556 94
1651505247858 0.9586994647979736 95
1651505250718 0.9576020240783691 96
1651505253692 0.9598933458328247 97
1651505256419 0.9579218029975891 98
1651505259154 0.9572938084602356 99
1651505261885 0.9592158198356628 100
1651505264520 0.9547314643859863 101
1651505267137 0.9608189463615417 102
1651505269867 0.9587306976318359 103
1651505272475 0.9595428109169006 104
1651505275198 0.9577368497848511 105
1651505277926 0.9596824645996094 106
1651505280657 0.9607076644897461 107
1651505283256 0.9545515775680542 108
1651505285987 0.9630786180496216 109
1651505288719 0.9546431303024292 110
1651505291344 0.9620866179466248 111
1651505294080 0.9589989185333252 112
1651505296806 0.9564456343650818 113
1651505299532 0.9615595936775208 114
1651505302144 0.9570171236991882 115
1651505305110 0.9591063857078552 116
1651505307833 0.9591711759567261 117
1651505310570 0.9555198550224304 118
1651505313196 0.9619405269622803 119
1651505315947 0.9578817486763 120
1651505318571 0.9596906900405884 121
1651505321308 0.9575807452201843 122
1651505324030 0.9598158597946167 123
1651505326626 0.9549509882926941 124
1651505329353 0.9628846645355225 125
1651505331958 0.9554862380027771 126
1651505334590 0.9616429209709167 127
1651505337320 0.9581527709960938 128
1651505340051 0.9601434469223022 129
1651505342682 0.9565963745117188 130
1651505345415 0.9605674147605896 131
1651505348023 0.957515299320221 132
1651505350628 0.9555612802505493 133
1651505353361 0.961331844329834 134
1651505356086 0.9595931172370911 135
1651505358696 0.9581610560417175 136
1651505361313 0.9574525356292725 137
1651505364036 0.9594258666038513 138
1651505366638 0.9579634070396423 139
1651505369242 0.9585338830947876 140
1651505371885 0.9595039486885071 141
1651505374622 0.9578181505203247 142
1651505377226 0.9610146880149841 143
1651505379952 0.9588010907173157 144
1651505382663 0.9592546820640564 145
1651505385309 0.9579668641090393 146
1651505444482 0.9591063857078552 147
