1651504991663 4438.0 0
1651504994381 0.0 1
1651504996974 0.0 2
1651504999702 0.0 3
1651505002426 0.0 4
1651505005179 0.0 5
1651505007801 0.0 6
1651505010415 0.0 7
1651505013164 0.0 8
1651505015892 0.0 9
1651505018618 0.0 10
1651505021342 0.0 11
1651505024067 0.0 12
1651505026723 232642.0 13
1651505029351 589562.0 14
1651505032112 684230.0 15
1651505034853 747896.0 16
1651505037606 789566.0 17
1651505040361 813639.0 18
1651505042975 850277.0 19
1651505045615 853428.0 20
1651505048369 889731.0 21
1651505051120 879723.0 22
1651505053849 891835.0 23
1651505056579 910880.0 24
1651505059185 907372.0 25
1651505061829 916056.0 26
1651505064553 923649.0 27
1651505067274 938251.0 28
1651505069998 920817.0 29
1651505072620 939332.0 30
1651505075351 932972.0 31
1651505077951 955248.0 32
1651505080674 924274.0 33
1651505083285 936310.0 34
1651505086031 958165.0 35
1651505088757 950996.0 36
1651505091476 940029.0 37
1651505094203 945746.0 38
1651505096816 960679.0 39
1651505099419 937735.0 40
1651505102144 949117.0 41
1651505104731 956036.0 42
1651505107453 961834.0 43
1651505110103 957019.0 44
1651505112847 961330.0 45
1651505115569 964913.0 46
1651505118167 959762.0 47
1651505120895 972463.0 48
1651505123501 950050.0 49
1651505126125 970653.0 50
1651505128746 978850.0 51
1651505131473 956621.0 52
1651505134204 960258.0 53
1651505136950 970250.0 54
1651505139540 969049.0 55
1651505142272 961571.0 56
1651505144998 969200.0 57
1651505147717 980931.0 58
1651505150378 963905.0 59
1651505152985 979295.0 60
1651505155608 956846.0 61
1651505158357 989281.0 62
1651505160988 970351.0 63
1651505163609 975870.0 64
1651505166352 978096.0 65
1651505168979 984276.0 66
1651505171642 986317.0 67
1651505174242 980899.0 68
1651505176880 984479.0 69
1651505179613 1004812.0 70
1651505182222 971354.0 71
1651505184947 996146.0 72
1651505187673 989118.0 73
1651505190280 975910.0 74
1651505192914 989163.0 75
1651505195639 996383.0 76
1651505198368 965732.0 77
1651505201091 988644.0 78
1651505203716 986990.0 79
1651505206711 1009397.0 80
1651505209557 998025.0 81
1651505212289 997831.0 82
1651505215018 993847.0 83
1651505217843 998529.0 84
1651505220568 999262.0 85
1651505223298 1013118.0 86
1651505225928 1009391.0 87
1651505228547 1006814.0 88
1651505231276 1004900.0 89
1651505233872 1011246.0 90
1651505236709 1006786.0 91
1651505239667 1003508.0 92
1651505242401 1004670.0 93
1651505245135 1007743.0 94
1651505247858 1010010.0 95
1651505250718 1017284.0 96
1651505253692 1001502.0 97
1651505256419 1015359.0 98
1651505259154 1014809.0 99
1651505261885 1007977.0 100
1651505264520 1033034.0 101
1651505267137 1001706.0 102
1651505269867 1015537.0 103
1651505272475 1013359.0 104
1651505275198 1023121.0 105
1651505277926 1008036.0 106
1651505280657 1008611.0 107
1651505283256 1032670.0 108
1651505285987 993876.0 109
1651505288719 1031623.0 110
1651505291344 999055.0 111
1651505294080 1021435.0 112
1651505296806 1030878.0 113
1651505299532 1010950.0 114
1651505302144 1033794.0 115
1651505305110 1015885.0 116
1651505307833 1020420.0 117
1651505310570 1031681.0 118
1651505313196 1005681.0 119
1651505315947 1027957.0 120
1651505318571 1020918.0 121
1651505321308 1032827.0 122
1651505324030 1024118.0 123
1651505326626 1039482.0 124
1651505329353 1008966.0 125
1651505331958 1045199.0 126
1651505334590 1018634.0 127
1651505337320 1032186.0 128
1651505340051 1029883.0 129
1651505342682 1044485.0 130
1651505345415 1023290.0 131
1651505348023 1041991.0 132
1651505350628 1044448.0 133
1651505353361 1018414.0 134
1651505356086 1032502.0 135
1651505358696 1035391.0 136
1651505361313 1036346.0 137
1651505364036 1028398.0 138
1651505366638 1037733.0 139
1651505369242 1036841.0 140
1651505371885 1045218.0 141
1651505374622 1046615.0 142
1651505377226 1032699.0 143
1651505379952 1048346.0 144
1651505382663 1045568.0 145
1651505385309 1051969.0 146
1651505444482 1015885.0 147
