1651504991663 7630114.0 0
1651504994381 4969721.0 1
1651504996974 4969721.0 2
1651504999702 4969721.0 3
1651505002426 4969721.0 4
1651505005179 4969721.0 5
1651505007801 4969721.0 6
1651505010415 4969721.0 7
1651505013164 4969721.0 8
1651505015892 4969721.0 9
1651505018618 4969721.0 10
1651505021342 4969721.0 11
1651505024067 4969721.0 12
1651505026723 4933471.0 13
1651505029351 4870309.0 14
1651505032112 4847913.0 15
1651505034853 4832761.0 16
1651505037606 4825440.0 17
1651505040361 4822278.0 18
1651505042975 4806120.0 19
1651505045615 4810555.0 20
1651505048369 4794782.0 21
1651505051120 4803730.0 22
1651505053849 4796170.0 23
1651505056579 4786151.0 24
1651505059185 4794566.0 25
1651505061829 4788571.0 26
1651505064553 4784880.0 27
1651505067274 4774511.0 28
1651505069998 4787880.0 29
1651505072620 4772790.0 30
1651505075351 4782944.0 31
1651505077951 4762536.0 32
1651505080674 4791164.0 33
1651505083285 4777585.0 34
1651505086031 4763116.0 35
1651505088757 4774701.0 36
1651505091476 4784744.0 37
1651505094203 4776441.0 38
1651505096816 4765583.0 39
1651505099419 4783638.0 40
1651505102144 4764086.0 41
1651505104731 4763760.0 42
1651505107453 4762896.0 43
1651505110103 4769303.0 44
1651505112847 4769041.0 45
1651505115569 4764221.0 46
1651505118167 4772510.0 47
1651505120895 4759313.0 48
1651505123501 4783998.0 49
1651505126125 4762926.0 50
1651505128746 4761440.0 51
1651505131473 4771253.0 52
1651505134204 4776675.0 53
1651505136950 4773907.0 54
1651505139540 4767798.0 55
1651505142272 4777406.0 56
1651505144998 4772473.0 57
1651505147717 4762808.0 58
1651505150378 4775675.0 59
1651505152985 4764781.0 60
1651505155608 4789085.0 61
1651505158357 4753694.0 62
1651505160988 4773115.0 63
1651505163609 4764197.0 64
1651505166352 4766040.0 65
1651505168979 4763611.0 66
1651505171642 4766635.0 67
1651505174242 4768606.0 68
1651505176880 4768679.0 69
1651505179613 4747289.0 70
1651505182222 4775284.0 71
1651505184947 4756564.0 72
1651505187673 4763913.0 73
1651505190280 4776382.0 74
1651505192914 4759244.0 75
1651505195639 4752272.0 76
1651505198368 4788110.0 77
1651505201091 4764222.0 78
1651505203716 4764402.0 79
1651505206711 4752350.0 80
1651505209557 4764681.0 81
1651505212289 4765413.0 82
1651505215018 4770492.0 83
1651505217843 4764048.0 84
1651505220568 4762252.0 85
1651505223298 4750923.0 86
1651505225928 4761445.0 87
1651505228547 4763406.0 88
1651505231276 4761765.0 89
1651505233872 4758348.0 90
1651505236709 4761932.0 91
1651505239667 4761539.0 92
1651505242401 4767197.0 93
1651505245135 4765139.0 94
1651505247858 4764469.0 95
1651505250718 4759015.0 96
1651505253692 4770402.0 97
1651505256419 4760604.0 98
1651505259154 4757483.0 99
1651505261885 4767035.0 100
1651505264520 4744749.0 101
1651505267137 4775002.0 102
1651505269867 4764624.0 103
1651505272475 4768660.0 104
1651505275198 4759685.0 105
1651505277926 4769354.0 106
1651505280657 4774449.0 107
1651505283256 4743855.0 108
1651505285987 4786232.0 109
1651505288719 4744310.0 110
1651505291344 4781302.0 111
1651505294080 4765957.0 112
1651505296806 4753268.0 113
1651505299532 4778683.0 114
1651505302144 4756108.0 115
1651505305110 4766491.0 116
1651505307833 4766813.0 117
1651505310570 4748667.0 118
1651505313196 4780576.0 119
1651505315947 4760405.0 120
1651505318571 4769395.0 121
1651505321308 4758909.0 122
1651505324030 4770017.0 123
1651505326626 4745840.0 124
1651505329353 4785268.0 125
1651505331958 4748500.0 126
1651505334590 4779097.0 127
1651505337320 4761752.0 128
1651505340051 4771645.0 129
1651505342682 4754017.0 130
1651505345415 4773752.0 131
1651505348023 4758584.0 132
1651505350628 4748873.0 133
1651505353361 4777551.0 134
1651505356086 4768910.0 135
1651505358696 4761793.0 136
1651505361313 4758272.0 137
1651505364036 4768079.0 138
1651505366638 4760811.0 139
1651505369242 4763646.0 140
1651505371885 4768467.0 141
1651505374622 4760089.0 142
1651505377226 4775975.0 143
1651505379952 4764974.0 144
1651505382663 4767228.0 145
1651505385309 4760828.0 146
1651505444482 4766491.0 147
