1651499920069 0.8297151327133179 0
1651499924002 0.8612976670265198 1
1651499927995 0.8875935673713684 2
1651499931940 0.8957642316818237 3
1651499935911 0.9024771451950073 4
1651499939877 0.9090471267700195 5
1651499943852 0.9137336015701294 6
1651499947765 0.9150700569152832 7
1651499951705 0.9182061553001404 8
1651499955688 0.9193710088729858 9
1651499959728 0.9220142364501953 10
1651499963695 0.9230552911758423 11
1651499967695 0.9223811030387878 12
1651499971696 0.9239240884780884 13
1651499975703 0.9249690175056458 14
1651499979648 0.9252332448959351 15
1651499983616 0.9259895086288452 16
1651499987535 0.9260885119438171 17
1651499991541 0.9265742301940918 18
1651499995475 0.9258834719657898 19
1651499999485 0.9280753135681152 20
1651500003449 0.9270957112312317 21
1651500007455 0.9269171953201294 22
1651500011413 0.9289281368255615 23
1651500015384 0.9288867712020874 24
1651500019311 0.9292286038398743 25
1651500023241 0.9287399053573608 26
1651500027151 0.9283269047737122 27
1651500031126 0.9291215538978577 28
1651500035045 0.9283104538917542 29
1651500039002 0.9293655753135681 30
1651500042947 0.9292929172515869 31
1651500046908 0.9303333163261414 32
1651500050833 0.9303315877914429 33
1651500054751 0.9305011630058289 34
1651500058653 0.9297266602516174 35
1651500062631 0.9287672638893127 36
1651500066569 0.9292329549789429 37
1651500070492 0.9294536709785461 38
1651500074398 0.9307272434234619 39
1651500078340 0.9306667447090149 40
1651500082265 0.9303905963897705 41
1651500086231 0.9310876727104187 42
1651500090142 0.9309574961662292 43
1651500094109 0.9315102100372314 44
1651500098043 0.9313690662384033 45
1651500102008 0.9315510988235474 46
1651500105952 0.932029128074646 47
1651500109924 0.9319227337837219 48
1651500113821 0.9316868185997009 49
1651500117751 0.9318732619285583 50
1651500121707 0.9318090677261353 51
1651500125673 0.9319368004798889 52
1651500129614 0.9321960210800171 53
1651500133587 0.93144291639328 54
1651500137517 0.9315944314002991 55
1651500141462 0.931548535823822 56
1651500145388 0.9324396848678589 57
1651500149382 0.9323990941047668 58
1651500153308 0.9328271150588989 59
1651500157263 0.9323526620864868 60
1651500161131 0.9333671927452087 61
1651500165048 0.9317962527275085 62
1651500168909 0.9322729706764221 63
1651500172856 0.9322705268859863 64
1651500176816 0.9318225979804993 65
1651500180766 0.9333817362785339 66
1651500184642 0.9334617853164673 67
1651500188595 0.9336351752281189 68
1651500192465 0.9338557124137878 69
1651500196386 0.9332396388053894 70
1651500200310 0.9324784874916077 71
1651500204235 0.9331099390983582 72
1651500208166 0.9340229034423828 73
1651500212135 0.9340400695800781 74
1651500216045 0.9336940050125122 75
1651500219985 0.9340448975563049 76
1651500223918 0.9346545338630676 77
1651500227911 0.9337871670722961 78
1651500231834 0.9337016344070435 79
1651500235780 0.9333637952804565 80
1651500239652 0.9329317212104797 81
1651500243619 0.9337224364280701 82
1651500247523 0.9336451888084412 83
1651500251491 0.9337939620018005 84
1651500255398 0.9345659017562866 85
1651500259338 0.9340326189994812 86
1651500263263 0.9318611025810242 87
1651500267229 0.9329797625541687 88
1651500271191 0.9337421655654907 89
1651500275118 0.9348405003547668 90
1651500278987 0.9352790117263794 91
1651500282940 0.9347636699676514 92
1651500286876 0.9351810216903687 93
1651500290805 0.9335819482803345 94
1651500294757 0.9333495497703552 95
1651500298686 0.9340479969978333 96
1651500302612 0.9350717067718506 97
1651500306568 0.9354273080825806 98
1651500310469 0.9351119995117188 99
1651500314400 0.93462735414505 100
1651500318315 0.9345277547836304 101
1651500322262 0.9341285228729248 102
1651500326128 0.9358596801757812 103
1651500330056 0.9353097677230835 104
1651500333973 0.9336634278297424 105
1651500337886 0.9336593747138977 106
1651500341755 0.9353907704353333 107
1651500345692 0.9346321821212769 108
1651500349577 0.9352043271064758 109
1651500353494 0.9343891739845276 110
1651500357443 0.935786247253418 111
1651500361406 0.934977114200592 112
1651500365308 0.9355992078781128 113
1651500369235 0.9356525540351868 114
1651500373182 0.9353107213973999 115
1651500377115 0.9360687732696533 116
1651500381040 0.9359256625175476 117
1651500385006 0.9361910223960876 118
1651500388903 0.9359555840492249 119
1651500392810 0.935687780380249 120
1651500396730 0.9338204860687256 121
1651500400653 0.936008632183075 122
1651500404560 0.9353041052818298 123
1651500408510 0.9361664652824402 124
1651500412425 0.9362657070159912 125
1651500430175 0.9333495497703552 126
