1651499920069 0.7974510192871094 0
1651499924002 0.8647245168685913 1
1651499927995 0.8990951180458069 2
1651499931940 0.9136198163032532 3
1651499935911 0.9242812395095825 4
1651499939877 0.9331371188163757 5
1651499943852 0.9350078701972961 6
1651499947765 0.9373338222503662 7
1651499951705 0.9432041049003601 8
1651499955688 0.9435676336288452 9
1651499959728 0.9472959041595459 10
1651499963695 0.94746333360672 11
1651499967695 0.9478799104690552 12
1651499971696 0.949577808380127 13
1651499975703 0.9502398371696472 14
1651499979648 0.9516435861587524 15
1651499983616 0.9541901350021362 16
1651499987535 0.9545067548751831 17
1651499991541 0.9553799629211426 18
1651499995475 0.9527676105499268 19
1651499999485 0.9558904767036438 20
1651500003449 0.9542726278305054 21
1651500007455 0.9548299908638 22
1651500011413 0.9570084810256958 23
1651500015384 0.9578574895858765 24
1651500019311 0.958365797996521 25
1651500023241 0.9581044912338257 26
1651500027151 0.9581068158149719 27
1651500031126 0.9582149386405945 28
1651500035045 0.9584393501281738 29
1651500039002 0.957523763179779 30
1651500042947 0.9589776396751404 31
1651500046908 0.9604063630104065 32
1651500050833 0.9606497883796692 33
1651500054751 0.9604433178901672 34
1651500058653 0.959392249584198 35
1651500062631 0.9593205451965332 36
1651500066569 0.9584658741950989 37
1651500070492 0.9584841132164001 38
1651500074398 0.959738552570343 39
1651500078340 0.961932361125946 40
1651500082265 0.9609168171882629 41
1651500086231 0.9612910151481628 42
1651500090142 0.9622550010681152 43
1651500094109 0.962552547454834 44
1651500098043 0.9618430733680725 45
1651500102008 0.9624567627906799 46
1651500105952 0.9626548290252686 47
1651500109924 0.9624947309494019 48
1651500113821 0.9624390006065369 49
1651500117751 0.9634891152381897 50
1651500121707 0.964278519153595 51
1651500125673 0.9632297158241272 52
1651500129614 0.9637718796730042 53
1651500133587 0.9637076258659363 54
1651500137517 0.9631070494651794 55
1651500141462 0.962803065776825 56
1651500145388 0.9636234045028687 57
1651500149382 0.9633378386497498 58
1651500153308 0.9637781381607056 59
1651500157263 0.9639480710029602 60
1651500161131 0.9645678400993347 61
1651500165048 0.9638528823852539 62
1651500168909 0.9641364216804504 63
1651500172856 0.9640771150588989 64
1651500176816 0.9631428122520447 65
1651500180766 0.9655670523643494 66
1651500184642 0.9654298424720764 67
1651500188595 0.9645693302154541 68
1651500192465 0.9657866358757019 69
1651500196386 0.9650178551673889 70
1651500200310 0.964041531085968 71
1651500204235 0.964291512966156 72
1651500208166 0.9658753275871277 73
1651500212135 0.9664212465286255 74
1651500216045 0.9662753343582153 75
1651500219985 0.9657864570617676 76
1651500223918 0.9660399556159973 77
1651500227911 0.9662190079689026 78
1651500231834 0.9665096998214722 79
1651500235780 0.9644110202789307 80
1651500239652 0.9642178416252136 81
1651500243619 0.9651269316673279 82
1651500247523 0.9657739400863647 83
1651500251491 0.9660206437110901 84
1651500255398 0.9663769602775574 85
1651500259338 0.9652547240257263 86
1651500263263 0.9637380242347717 87
1651500267229 0.9618892669677734 88
1651500271191 0.9665455222129822 89
1651500275118 0.9676883220672607 90
1651500278987 0.9674776792526245 91
1651500282940 0.9676544070243835 92
1651500286876 0.9672484993934631 93
1651500290805 0.96473628282547 94
1651500294757 0.9644964337348938 95
1651500298686 0.966726541519165 96
1651500302612 0.9676823616027832 97
1651500306568 0.9677297472953796 98
1651500310469 0.9675132036209106 99
1651500314400 0.9667802453041077 100
1651500318315 0.9663814306259155 101
1651500322262 0.9678290486335754 102
1651500326128 0.9683077931404114 103
1651500330056 0.9680562019348145 104
1651500333973 0.9668147563934326 105
1651500337886 0.9658519625663757 106
1651500341755 0.9671984314918518 107
1651500345692 0.967448353767395 108
1651500349577 0.9687669277191162 109
1651500353494 0.9686126112937927 110
1651500357443 0.9686497449874878 111
1651500361406 0.9683613777160645 112
1651500365308 0.9687392115592957 113
1651500369235 0.9689595699310303 114
1651500373182 0.9680514335632324 115
1651500377115 0.96893709897995 116
1651500381040 0.969380259513855 117
1651500385006 0.9693883657455444 118
1651500388903 0.9688742756843567 119
1651500392810 0.9686422944068909 120
1651500396730 0.9659613966941833 121
1651500400653 0.968055248260498 122
1651500404560 0.9690812230110168 123
1651500408510 0.9691013097763062 124
1651500412425 0.9687601923942566 125
1651500430175 0.9644964337348938 126
