1651499920069 390256.0 0
1651499924002 139348.0 1
1651499927995 168938.0 2
1651499931940 166529.0 3
1651499935911 177297.0 4
1651499939877 189345.0 5
1651499943852 181664.0 6
1651499947765 181427.0 7
1651499951705 191167.0 8
1651499955688 180173.0 9
1651499959728 184665.0 10
1651499963695 176175.0 11
1651499967695 178546.0 12
1651499971696 180505.0 13
1651499975703 175579.0 14
1651499979648 176189.0 15
1651499983616 180374.0 16
1651499987535 176228.0 17
1651499991541 176710.0 18
1651499995475 169470.0 19
1651499999485 182925.0 20
1651500003449 178436.0 21
1651500007455 173729.0 22
1651500011413 182065.0 23
1651500015384 169399.0 24
1651500019311 173280.0 25
1651500023241 182212.0 26
1651500027151 176213.0 27
1651500031126 174717.0 28
1651500035045 177587.0 29
1651500039002 171166.0 30
1651500042947 179329.0 31
1651500046908 177004.0 32
1651500050833 176724.0 33
1651500054751 174999.0 34
1651500058653 170965.0 35
1651500062631 182839.0 36
1651500066569 180657.0 37
1651500070492 179803.0 38
1651500074398 167354.0 39
1651500078340 179843.0 40
1651500082265 176658.0 41
1651500086231 174337.0 42
1651500090142 178365.0 43
1651500094109 178938.0 44
1651500098043 170602.0 45
1651500102008 179810.0 46
1651500105952 174745.0 47
1651500109924 174451.0 48
1651500113821 168613.0 49
1651500117751 179358.0 50
1651500121707 178691.0 51
1651500125673 171789.0 52
1651500129614 172060.0 53
1651500133587 181552.0 54
1651500137517 178022.0 55
1651500141462 176740.0 56
1651500145388 174550.0 57
1651500149382 174367.0 58
1651500153308 178699.0 59
1651500157263 175644.0 60
1651500161131 170869.0 61
1651500165048 176598.0 62
1651500168909 173284.0 63
1651500172856 174024.0 64
1651500176816 179088.0 65
1651500180766 176186.0 66
1651500184642 170536.0 67
1651500188595 180839.0 68
1651500192465 172448.0 69
1651500196386 172882.0 70
1651500200310 174534.0 71
1651500204235 176982.0 72
1651500208166 173791.0 73
1651500212135 174925.0 74
1651500216045 176839.0 75
1651500219985 173173.0 76
1651500223918 174501.0 77
1651500227911 179215.0 78
1651500231834 179135.0 79
1651500235780 179295.0 80
1651500239652 168774.0 81
1651500243619 176169.0 82
1651500247523 176795.0 83
1651500251491 169592.0 84
1651500255398 174870.0 85
1651500259338 174050.0 86
1651500263263 182292.0 87
1651500267229 166722.0 88
1651500271191 177525.0 89
1651500275118 176591.0 90
1651500278987 172400.0 91
1651500282940 176568.0 92
1651500286876 165026.0 93
1651500290805 180097.0 94
1651500294757 175348.0 95
1651500298686 183310.0 96
1651500302612 167184.0 97
1651500306568 171997.0 98
1651500310469 171006.0 99
1651500314400 176788.0 100
1651500318315 175698.0 101
1651500322262 175920.0 102
1651500326128 171792.0 103
1651500330056 178133.0 104
1651500333973 171504.0 105
1651500337886 178743.0 106
1651500341755 176972.0 107
1651500345692 177123.0 108
1651500349577 176235.0 109
1651500353494 172334.0 110
1651500357443 174310.0 111
1651500361406 172310.0 112
1651500365308 182892.0 113
1651500369235 170190.0 114
1651500373182 173021.0 115
1651500377115 167448.0 116
1651500381040 171585.0 117
1651500385006 175425.0 118
1651500388903 173225.0 119
1651500392810 170851.0 120
1651500396730 174241.0 121
1651500400653 175682.0 122
1651500404560 180996.0 123
1651500408510 175020.0 124
1651500412425 172745.0 125
1651500430175 175348.0 126
