1651499920069 1231706.0 0
1651499924002 718414.0 1
1651499927995 526205.0 2
1651499931940 478085.0 3
1651499935911 425803.0 4
1651499939877 373125.0 5
1651499943852 351824.0 6
1651499947765 343796.0 7
1651499951705 314662.0 8
1651499955688 318452.0 9
1651499959728 297614.0 10
1651499963695 299666.0 11
1651499967695 301464.0 12
1651499971696 289963.0 13
1651499975703 288427.0 14
1651499979648 286183.0 15
1651499983616 277321.0 16
1651499987535 280855.0 17
1651499991541 277369.0 18
1651499995475 288881.0 19
1651499999485 261871.0 20
1651500003449 272418.0 21
1651500007455 278229.0 22
1651500011413 257457.0 23
1651500015384 270379.0 24
1651500019311 264384.0 25
1651500023241 258474.0 26
1651500027151 267027.0 27
1651500031126 263609.0 28
1651500035045 265755.0 29
1651500039002 265651.0 30
1651500042947 257937.0 31
1651500046908 253828.0 32
1651500050833 254119.0 33
1651500054751 254795.0 34
1651500058653 263619.0 35
1651500062631 257678.0 36
1651500066569 256980.0 37
1651500070492 256469.0 38
1651500074398 261042.0 39
1651500078340 248927.0 40
1651500082265 253820.0 41
1651500086231 251830.0 42
1651500090142 248607.0 43
1651500094109 244616.0 44
1651500098043 253825.0 45
1651500102008 243491.0 46
1651500105952 245600.0 47
1651500109924 246552.0 48
1651500113821 253849.0 49
1651500117751 241951.0 50
1651500121707 243015.0 51
1651500125673 249127.0 52
1651500129614 247253.0 53
1651500133587 242418.0 54
1651500137517 245011.0 55
1651500141462 246577.0 56
1651500145388 243256.0 57
1651500149382 243690.0 58
1651500153308 236711.0 59
1651500157263 242700.0 60
1651500161131 241201.0 61
1651500165048 245187.0 62
1651500168909 245553.0 63
1651500172856 244828.0 64
1651500176816 242534.0 65
1651500180766 235794.0 66
1651500184642 240949.0 67
1651500188595 229574.0 68
1651500192465 236601.0 69
1651500196386 239977.0 70
1651500200310 243032.0 71
1651500204235 236679.0 72
1651500208166 234224.0 73
1651500212135 232984.0 74
1651500216045 233210.0 75
1651500219985 234706.0 76
1651500223918 229608.0 77
1651500227911 230258.0 78
1651500231834 230867.0 79
1651500235780 232796.0 80
1651500239652 245989.0 81
1651500243619 233704.0 82
1651500247523 233556.0 83
1651500251491 239839.0 84
1651500255398 229787.0 85
1651500259338 233905.0 86
1651500263263 239092.0 87
1651500267229 247744.0 88
1651500271191 232226.0 89
1651500275118 226368.0 90
1651500278987 227847.0 91
1651500282940 226866.0 92
1651500286876 235827.0 93
1651500290805 230645.0 94
1651500294757 236831.0 95
1651500298686 224550.0 96
1651500302612 234345.0 97
1651500306568 227333.0 98
1651500310469 230274.0 99
1651500314400 227489.0 100
1651500318315 229195.0 101
1651500322262 231442.0 102
1651500326128 224864.0 103
1651500330056 221924.0 104
1651500333973 238734.0 105
1651500337886 231520.0 106
1651500341755 222584.0 107
1651500345692 227124.0 108
1651500349577 224474.0 109
1651500353494 233416.0 110
1651500357443 222800.0 111
1651500361406 229804.0 112
1651500365308 215375.0 113
1651500369235 227747.0 114
1651500373182 227030.0 115
1651500377115 227915.0 116
1651500381040 224663.0 117
1651500385006 219182.0 118
1651500388903 222838.0 119
1651500392810 226868.0 120
1651500396730 235026.0 121
1651500400653 220053.0 122
1651500404560 219096.0 123
1651500408510 219739.0 124
1651500412425 221400.0 125
1651500430175 236831.0 126
