1651499920069 0.5041921138763428 0
1651499924002 0.34817588329315186 1
1651499927995 0.29335856437683105 2
1651499931940 0.27323687076568604 3
1651499935911 0.2574480175971985 4
1651499939877 0.24325071275234222 5
1651499943852 0.23732811212539673 6
1651499947765 0.23345252871513367 7
1651499951705 0.2232765406370163 8
1651499955688 0.22172528505325317 9
1651499959728 0.21450254321098328 10
1651499963695 0.213680237531662 11
1651499967695 0.21303986012935638 12
1651499971696 0.21030354499816895 13
1651499975703 0.20767545700073242 14
1651499979648 0.205637589097023 15
1651499983616 0.20164689421653748 16
1651499987535 0.2008770853281021 17
1651499991541 0.19917884469032288 18
1651499995475 0.2029755413532257 19
1651499999485 0.19719474017620087 20
1651500003449 0.20022541284561157 21
1651500007455 0.19984817504882812 22
1651500011413 0.19501495361328125 23
1651500015384 0.19346372783184052 24
1651500019311 0.192714124917984 25
1651500023241 0.19363275170326233 26
1651500027151 0.19340240955352783 27
1651500031126 0.19311797618865967 28
1651500035045 0.1924067586660385 29
1651500039002 0.19411103427410126 30
1651500042947 0.19124683737754822 31
1651500046908 0.18899711966514587 32
1651500050833 0.1883891224861145 33
1651500054751 0.18839755654335022 34
1651500058653 0.19053910672664642 35
1651500062631 0.19167134165763855 36
1651500066569 0.19223925471305847 37
1651500070492 0.19133087992668152 38
1651500074398 0.18946805596351624 39
1651500078340 0.18628355860710144 40
1651500082265 0.18802359700202942 41
1651500086231 0.18633116781711578 42
1651500090142 0.18535980582237244 43
1651500094109 0.18484680354595184 44
1651500098043 0.18566447496414185 45
1651500102008 0.18433877825737 46
1651500105952 0.1838647574186325 47
1651500109924 0.18435226380825043 48
1651500113821 0.18486762046813965 49
1651500117751 0.18260246515274048 50
1651500121707 0.18160000443458557 51
1651500125673 0.18315696716308594 52
1651500129614 0.18181690573692322 53
1651500133587 0.1826888471841812 54
1651500137517 0.18328997492790222 55
1651500141462 0.18343649804592133 56
1651500145388 0.18196238577365875 57
1651500149382 0.18233540654182434 58
1651500153308 0.1813509166240692 59
1651500157263 0.18170273303985596 60
1651500161131 0.17997035384178162 61
1651500165048 0.18198534846305847 62
1651500168909 0.1814274787902832 63
1651500172856 0.1811748743057251 64
1651500176816 0.18294093012809753 65
1651500180766 0.1781722903251648 66
1651500184642 0.17841605842113495 67
1651500188595 0.17932678759098053 68
1651500192465 0.177589550614357 69
1651500196386 0.17848996818065643 70
1651500200310 0.18127594888210297 71
1651500204235 0.1802932173013687 72
1651500208166 0.17690883576869965 73
1651500212135 0.17677970230579376 74
1651500216045 0.1770925223827362 75
1651500219985 0.1768321692943573 76
1651500223918 0.17657047510147095 77
1651500227911 0.1767413318157196 78
1651500231834 0.17612886428833008 79
1651500235780 0.18010661005973816 80
1651500239652 0.1805720329284668 81
1651500243619 0.17851144075393677 82
1651500247523 0.17767386138439178 83
1651500251491 0.177008256316185 84
1651500255398 0.17589408159255981 85
1651500259338 0.17786717414855957 86
1651500263263 0.18233069777488708 87
1651500267229 0.1838262975215912 88
1651500271191 0.17617852985858917 89
1651500275118 0.17358776926994324 90
1651500278987 0.1739630401134491 91
1651500282940 0.17358312010765076 92
1651500286876 0.1741441786289215 93
1651500290805 0.17925919592380524 94
1651500294757 0.1795901209115982 95
1651500298686 0.17594057321548462 96
1651500302612 0.1736731380224228 97
1651500306568 0.1729200780391693 98
1651500310469 0.1729583889245987 99
1651500314400 0.17489945888519287 100
1651500318315 0.17536233365535736 101
1651500322262 0.17345686256885529 102
1651500326128 0.17160002887248993 103
1651500330056 0.17239809036254883 104
1651500333973 0.17572495341300964 105
1651500337886 0.17697925865650177 106
1651500341755 0.17372003197669983 107
1651500345692 0.17366695404052734 108
1651500349577 0.17123746871948242 109
1651500353494 0.17177043855190277 110
1651500357443 0.17101749777793884 111
1651500361406 0.1721310019493103 112
1651500365308 0.17085745930671692 113
1651500369235 0.17055107653141022 114
1651500373182 0.17222751677036285 115
1651500377115 0.17026157677173615 116
1651500381040 0.1695183664560318 117
1651500385006 0.1695832759141922 118
1651500388903 0.1702050417661667 119
1651500392810 0.17124025523662567 120
1651500396730 0.1763501614332199 121
1651500400653 0.17200009524822235 122
1651500404560 0.17026741802692413 123
1651500408510 0.17018787562847137 124
1651500412425 0.17049068212509155 125
1651500430175 0.1795901209115982 126
