1651499920069 0.855088472366333 0
1651499924002 0.8702710866928101 1
1651499927995 0.901015043258667 2
1651499931940 0.9092869758605957 3
1651499935911 0.918228805065155 4
1651499939877 0.9274432063102722 5
1651499943852 0.9314036965370178 6
1651499947765 0.9328669309616089 7
1651499951705 0.9380859732627869 8
1651499955688 0.9375219345092773 9
1651499959728 0.9413186311721802 10
1651499963695 0.941036581993103 11
1651499967695 0.9406760931015015 12
1651499971696 0.9427878260612488 13
1651499975703 0.9431288838386536 14
1651499979648 0.9435396194458008 15
1651499983616 0.9451467394828796 16
1651499987535 0.944532036781311 17
1651499991541 0.9451774954795837 18
1651499995475 0.9431130290031433 19
1651499999485 0.9480176568031311 20
1651500003449 0.9460849165916443 21
1651500007455 0.9450492858886719 22
1651500011413 0.9488577842712402 23
1651500015384 0.9465625286102295 24
1651500019311 0.9476451277732849 25
1651500023241 0.9486646056175232 26
1651500027151 0.9471187591552734 27
1651500031126 0.9477757215499878 28
1651500035045 0.9473430514335632 29
1651500039002 0.9474294781684875 30
1651500042947 0.9487951397895813 31
1651500046908 0.9495929479598999 32
1651500050833 0.949540913105011 33
1651500054751 0.9494307637214661 34
1651500058653 0.9478126764297485 35
1651500062631 0.9488082528114319 36
1651500066569 0.9489619731903076 37
1651500070492 0.9490669369697571 38
1651500074398 0.9483333826065063 39
1651500078340 0.9504901766777039 40
1651500082265 0.949597954750061 41
1651500086231 0.9499964118003845 42
1651500090142 0.9505651593208313 43
1651500094109 0.9513146281242371 44
1651500098043 0.9496575593948364 45
1651500102008 0.951519250869751 46
1651500105952 0.9511690735816956 47
1651500109924 0.9509919285774231 48
1651500113821 0.9496728777885437 49
1651500117751 0.9518154263496399 50
1651500121707 0.9516202211380005 51
1651500125673 0.9505316019058228 52
1651500129614 0.9508827924728394 53
1651500133587 0.951705813407898 54
1651500137517 0.9512487053871155 55
1651500141462 0.9509648680686951 56
1651500145388 0.9516144394874573 57
1651500149382 0.9515340328216553 58
1651500153308 0.9528159499168396 59
1651500157263 0.9517091512680054 60
1651500161131 0.9520387053489685 61
1651500165048 0.9512292146682739 62
1651500168909 0.9511921405792236 63
1651500172856 0.951322078704834 64
1651500176816 0.9517075419425964 65
1651500180766 0.9530136585235596 66
1651500184642 0.9520896077156067 67
1651500188595 0.9541537761688232 68
1651500192465 0.9528955221176147 69
1651500196386 0.9522513747215271 70
1651500200310 0.9516569972038269 71
1651500204235 0.952838122844696 72
1651500208166 0.9533341526985168 73
1651500212135 0.9535592794418335 74
1651500216045 0.9534986019134521 75
1651500219985 0.9532483816146851 76
1651500223918 0.9542052745819092 77
1651500227911 0.9540383815765381 78
1651500231834 0.9539231657981873 79
1651500235780 0.9535545706748962 80
1651500239652 0.9511535167694092 81
1651500243619 0.9534108638763428 82
1651500247523 0.9534332156181335 83
1651500251491 0.952308714389801 84
1651500255398 0.9541678428649902 85
1651500259338 0.9533923864364624 86
1651500263263 0.9523298144340515 87
1651500267229 0.9508421421051025 88
1651500271191 0.9536793828010559 89
1651500275118 0.9548034071922302 90
1651500278987 0.9545595645904541 91
1651500282940 0.9547086954116821 92
1651500286876 0.9531116485595703 93
1651500290805 0.9539565443992615 94
1651500294757 0.9528246521949768 95
1651500298686 0.9550898671150208 96
1651500302612 0.953372597694397 97
1651500306568 0.9546610713005066 98
1651500310469 0.9541105031967163 99
1651500314400 0.954587996006012 100
1651500318315 0.9542729258537292 101
1651500322262 0.9538432955741882 102
1651500326128 0.9551331996917725 103
1651500330056 0.9556376934051514 104
1651500333973 0.9524999260902405 105
1651500337886 0.9538024663925171 106
1651500341755 0.9555219411849976 107
1651500345692 0.9546545147895813 108
1651500349577 0.955167829990387 109
1651500353494 0.9535011649131775 110
1651500357443 0.9555043578147888 111
1651500361406 0.9541879892349243 112
1651500365308 0.9568492770195007 113
1651500369235 0.954598605632782 114
1651500373182 0.954709529876709 115
1651500377115 0.9545914530754089 116
1651500381040 0.9551733732223511 117
1651500385006 0.956185519695282 118
1651500388903 0.9555067420005798 119
1651500392810 0.954759955406189 120
1651500396730 0.9531776905059814 121
1651500400653 0.9560167789459229 122
1651500404560 0.9561530947685242 123
1651500408510 0.9560826420783997 124
1651500412425 0.9557854533195496 125
1651500430175 0.9528246521949768 126
