1651499920069 0.9490411877632141 0
1651499924002 0.9718985557556152 1
1651499927995 0.9659312963485718 2
1651499931940 0.9664170742034912 3
1651499935911 0.9642455577850342 4
1651499939877 0.9618159532546997 5
1651499943852 0.9633648991584778 6
1651499947765 0.9634127020835876 7
1651499951705 0.9614484906196594 8
1651499955688 0.9636656045913696 9
1651499959728 0.9627597332000732 10
1651499963695 0.9644718766212463 11
1651499967695 0.9639937281608582 12
1651499971696 0.9635986685752869 13
1651499975703 0.9645920395851135 14
1651499979648 0.9644690155982971 15
1651499983616 0.9636250734329224 16
1651499987535 0.9644611477851868 17
1651499991541 0.9643639326095581 18
1651499995475 0.9658240079879761 19
1651499999485 0.963110625743866 20
1651500003449 0.9640159010887146 21
1651500007455 0.9649651050567627 22
1651500011413 0.9632840752601624 23
1651500015384 0.9658383131027222 24
1651500019311 0.9650556445121765 25
1651500023241 0.9632543921470642 26
1651500027151 0.9644641876220703 27
1651500031126 0.9647658467292786 28
1651500035045 0.9641870856285095 29
1651500039002 0.9654819965362549 30
1651500042947 0.9638357758522034 31
1651500046908 0.9643046855926514 32
1651500050833 0.9643611311912537 33
1651500054751 0.9647089838981628 34
1651500058653 0.9655225276947021 35
1651500062631 0.9631279706954956 36
1651500066569 0.9635679721832275 37
1651500070492 0.9637402296066284 38
1651500074398 0.9662507176399231 39
1651500078340 0.963732123374939 40
1651500082265 0.9643744230270386 41
1651500086231 0.9648424983024597 42
1651500090142 0.9640302062034607 43
1651500094109 0.9639146327972412 44
1651500098043 0.9655957221984863 45
1651500102008 0.9637387990951538 46
1651500105952 0.9647602438926697 47
1651500109924 0.9648194909095764 48
1651500113821 0.9659968614578247 49
1651500117751 0.9638299345970154 50
1651500121707 0.9639644622802734 51
1651500125673 0.9653563499450684 52
1651500129614 0.9653016924858093 53
1651500133587 0.9633874893188477 54
1651500137517 0.9640993475914001 55
1651500141462 0.9643579125404358 56
1651500145388 0.9647995829582214 57
1651500149382 0.9648364782333374 58
1651500153308 0.9639628529548645 59
1651500157263 0.9645789265632629 60
1651500161131 0.9655418992042542 61
1651500165048 0.964386522769928 62
1651500168909 0.9650548696517944 63
1651500172856 0.9649056196212769 64
1651500176816 0.9638844132423401 65
1651500180766 0.9644696116447449 66
1651500184642 0.9656090140342712 67
1651500188595 0.9635313153266907 68
1651500192465 0.9652234315872192 69
1651500196386 0.965135931968689 70
1651500200310 0.9648028016090393 71
1651500204235 0.9643090963363647 72
1651500208166 0.9649525880813599 73
1651500212135 0.9647239446640015 74
1651500216045 0.964337944984436 75
1651500219985 0.9650772213935852 76
1651500223918 0.9648094177246094 77
1651500227911 0.9638587832450867 78
1651500231834 0.9638749361038208 79
1651500235780 0.9638426303863525 80
1651500239652 0.9659643769264221 81
1651500243619 0.9644730687141418 82
1651500247523 0.9643468260765076 83
1651500251491 0.9657993912696838 84
1651500255398 0.9647350311279297 85
1651500259338 0.9649003744125366 86
1651500263263 0.9632382988929749 87
1651500267229 0.9663781523704529 88
1651500271191 0.9641996026039124 89
1651500275118 0.9643879532814026 90
1651500278987 0.9652331471443176 91
1651500282940 0.9643926024436951 92
1651500286876 0.9667202234268188 93
1651500290805 0.9636809229850769 94
1651500294757 0.9646386504173279 95
1651500298686 0.9630329608917236 96
1651500302612 0.966284990310669 97
1651500306568 0.9653143882751465 98
1651500310469 0.9655142426490784 99
1651500314400 0.9643482565879822 100
1651500318315 0.964568018913269 101
1651500322262 0.9645232558250427 102
1651500326128 0.9653557538986206 103
1651500330056 0.9640769958496094 104
1651500333973 0.9654138088226318 105
1651500337886 0.963953971862793 106
1651500341755 0.9643111228942871 107
1651500345692 0.9642806649208069 108
1651500349577 0.9644597768783569 109
1651500353494 0.9652464389801025 110
1651500357443 0.964847981929779 111
1651500361406 0.9652512669563293 112
1651500365308 0.9631173014640808 113
1651500369235 0.9656788110733032 114
1651500373182 0.9651079177856445 115
1651500377115 0.9662317633628845 116
1651500381040 0.9653974771499634 117
1651500385006 0.9646230936050415 118
1651500388903 0.9650667309761047 119
1651500392810 0.9655455350875854 120
1651500396730 0.9648618698120117 121
1651500400653 0.9645712971687317 122
1651500404560 0.9634996056556702 123
1651500408510 0.9647047519683838 124
1651500412425 0.96516352891922 125
1651500430175 0.9646386504173279 126
