1651499920069 635025.0 0
1651499924002 507034.0 1
1651499927995 699243.0 2
1651499931940 747363.0 3
1651499935911 799645.0 4
1651499939877 852323.0 5
1651499943852 873624.0 6
1651499947765 881652.0 7
1651499951705 910786.0 8
1651499955688 906996.0 9
1651499959728 927834.0 10
1651499963695 925782.0 11
1651499967695 923984.0 12
1651499971696 935485.0 13
1651499975703 937021.0 14
1651499979648 939265.0 15
1651499983616 948127.0 16
1651499987535 944593.0 17
1651499991541 948079.0 18
1651499995475 936567.0 19
1651499999485 963577.0 20
1651500003449 953030.0 21
1651500007455 947219.0 22
1651500011413 967991.0 23
1651500015384 955069.0 24
1651500019311 961064.0 25
1651500023241 966974.0 26
1651500027151 958421.0 27
1651500031126 961839.0 28
1651500035045 959693.0 29
1651500039002 959797.0 30
1651500042947 967511.0 31
1651500046908 971620.0 32
1651500050833 971329.0 33
1651500054751 970653.0 34
1651500058653 961829.0 35
1651500062631 967770.0 36
1651500066569 968468.0 37
1651500070492 968979.0 38
1651500074398 964406.0 39
1651500078340 976521.0 40
1651500082265 971628.0 41
1651500086231 973618.0 42
1651500090142 976841.0 43
1651500094109 980832.0 44
1651500098043 971623.0 45
1651500102008 981957.0 46
1651500105952 979848.0 47
1651500109924 978896.0 48
1651500113821 971599.0 49
1651500117751 983497.0 50
1651500121707 982433.0 51
1651500125673 976321.0 52
1651500129614 978195.0 53
1651500133587 983030.0 54
1651500137517 980437.0 55
1651500141462 978871.0 56
1651500145388 982192.0 57
1651500149382 981758.0 58
1651500153308 988737.0 59
1651500157263 982748.0 60
1651500161131 984247.0 61
1651500165048 980261.0 62
1651500168909 979895.0 63
1651500172856 980620.0 64
1651500176816 982914.0 65
1651500180766 989654.0 66
1651500184642 984499.0 67
1651500188595 995874.0 68
1651500192465 988847.0 69
1651500196386 985471.0 70
1651500200310 982416.0 71
1651500204235 988769.0 72
1651500208166 991224.0 73
1651500212135 992464.0 74
1651500216045 992238.0 75
1651500219985 990742.0 76
1651500223918 995840.0 77
1651500227911 995190.0 78
1651500231834 994581.0 79
1651500235780 992652.0 80
1651500239652 979459.0 81
1651500243619 991744.0 82
1651500247523 991892.0 83
1651500251491 985609.0 84
1651500255398 995661.0 85
1651500259338 991543.0 86
1651500263263 986356.0 87
1651500267229 977704.0 88
1651500271191 993222.0 89
1651500275118 999080.0 90
1651500278987 997601.0 91
1651500282940 998582.0 92
1651500286876 989621.0 93
1651500290805 994803.0 94
1651500294757 988617.0 95
1651500298686 1000898.0 96
1651500302612 991103.0 97
1651500306568 998115.0 98
1651500310469 995174.0 99
1651500314400 997959.0 100
1651500318315 996253.0 101
1651500322262 994006.0 102
1651500326128 1000584.0 103
1651500330056 1003524.0 104
1651500333973 986714.0 105
1651500337886 993928.0 106
1651500341755 1002864.0 107
1651500345692 998324.0 108
1651500349577 1000974.0 109
1651500353494 992032.0 110
1651500357443 1002648.0 111
1651500361406 995644.0 112
1651500365308 1010073.0 113
1651500369235 997701.0 114
1651500373182 998418.0 115
1651500377115 997533.0 116
1651500381040 1000785.0 117
1651500385006 1006266.0 118
1651500388903 1002610.0 119
1651500392810 998580.0 120
1651500396730 990422.0 121
1651500400653 1005395.0 122
1651500404560 1006352.0 123
1651500408510 1005709.0 124
1651500412425 1004048.0 125
1651500430175 988617.0 126
