1651499920069 7268005.0 0
1651499924002 4819396.0 1
1651499927995 4789806.0 2
1651499931940 4792215.0 3
1651499935911 4781447.0 4
1651499939877 4769399.0 5
1651499943852 4777080.0 6
1651499947765 4777317.0 7
1651499951705 4767577.0 8
1651499955688 4778571.0 9
1651499959728 4774079.0 10
1651499963695 4782569.0 11
1651499967695 4780198.0 12
1651499971696 4778239.0 13
1651499975703 4783165.0 14
1651499979648 4782555.0 15
1651499983616 4778370.0 16
1651499987535 4782516.0 17
1651499991541 4782034.0 18
1651499995475 4789274.0 19
1651499999485 4775819.0 20
1651500003449 4780308.0 21
1651500007455 4785015.0 22
1651500011413 4776679.0 23
1651500015384 4789345.0 24
1651500019311 4785464.0 25
1651500023241 4776532.0 26
1651500027151 4782531.0 27
1651500031126 4784027.0 28
1651500035045 4781157.0 29
1651500039002 4787578.0 30
1651500042947 4779415.0 31
1651500046908 4781740.0 32
1651500050833 4782020.0 33
1651500054751 4783745.0 34
1651500058653 4787779.0 35
1651500062631 4775905.0 36
1651500066569 4778087.0 37
1651500070492 4778941.0 38
1651500074398 4791390.0 39
1651500078340 4778901.0 40
1651500082265 4782086.0 41
1651500086231 4784407.0 42
1651500090142 4780379.0 43
1651500094109 4779806.0 44
1651500098043 4788142.0 45
1651500102008 4778934.0 46
1651500105952 4783999.0 47
1651500109924 4784293.0 48
1651500113821 4790131.0 49
1651500117751 4779386.0 50
1651500121707 4780053.0 51
1651500125673 4786955.0 52
1651500129614 4786684.0 53
1651500133587 4777192.0 54
1651500137517 4780722.0 55
1651500141462 4782004.0 56
1651500145388 4784194.0 57
1651500149382 4784377.0 58
1651500153308 4780045.0 59
1651500157263 4783100.0 60
1651500161131 4787875.0 61
1651500165048 4782146.0 62
1651500168909 4785460.0 63
1651500172856 4784720.0 64
1651500176816 4779656.0 65
1651500180766 4782558.0 66
1651500184642 4788208.0 67
1651500188595 4777905.0 68
1651500192465 4786296.0 69
1651500196386 4785862.0 70
1651500200310 4784210.0 71
1651500204235 4781762.0 72
1651500208166 4784953.0 73
1651500212135 4783819.0 74
1651500216045 4781905.0 75
1651500219985 4785571.0 76
1651500223918 4784243.0 77
1651500227911 4779529.0 78
1651500231834 4779609.0 79
1651500235780 4779449.0 80
1651500239652 4789970.0 81
1651500243619 4782575.0 82
1651500247523 4781949.0 83
1651500251491 4789152.0 84
1651500255398 4783874.0 85
1651500259338 4784694.0 86
1651500263263 4776452.0 87
1651500267229 4792022.0 88
1651500271191 4781219.0 89
1651500275118 4782153.0 90
1651500278987 4786344.0 91
1651500282940 4782176.0 92
1651500286876 4793718.0 93
1651500290805 4778647.0 94
1651500294757 4783396.0 95
1651500298686 4775434.0 96
1651500302612 4791560.0 97
1651500306568 4786747.0 98
1651500310469 4787738.0 99
1651500314400 4781956.0 100
1651500318315 4783046.0 101
1651500322262 4782824.0 102
1651500326128 4786952.0 103
1651500330056 4780611.0 104
1651500333973 4787240.0 105
1651500337886 4780001.0 106
1651500341755 4781772.0 107
1651500345692 4781621.0 108
1651500349577 4782509.0 109
1651500353494 4786410.0 110
1651500357443 4784434.0 111
1651500361406 4786434.0 112
1651500365308 4775852.0 113
1651500369235 4788554.0 114
1651500373182 4785723.0 115
1651500377115 4791296.0 116
1651500381040 4787159.0 117
1651500385006 4783319.0 118
1651500388903 4785519.0 119
1651500392810 4787893.0 120
1651500396730 4784503.0 121
1651500400653 4783062.0 122
1651500404560 4777748.0 123
1651500408510 4783724.0 124
1651500412425 4785999.0 125
1651500430175 4783396.0 126
