1651444413054 0.8000011444091797 0
1651444420995 0.8018418550491333 1
1651444428941 0.8018421530723572 2
1651444436961 0.8018417954444885 3
1651444444943 0.8018417358398438 4
1651444452893 0.801842212677002 5
1651444460850 0.8018418550491333 6
1651444468703 0.8018417358398438 7
1651444476546 0.8018419742584229 8
1651444484386 0.8018421530723572 9
1651444492267 0.8018417358398438 10
1651444500120 0.8018420934677124 11
1651444508000 0.8018419742584229 12
1651444515882 0.8018419742584229 13
1651444523760 0.801841676235199 14
1651444531671 0.8018418550491333 15
1651444539485 0.8018420934677124 16
1651444547398 0.8018420934677124 17
1651444555263 0.8018417358398438 18
1651444563155 0.8018417358398438 19
1651444571043 0.8018416166305542 20
1651444578940 0.8018417358398438 21
1651444586788 0.8018419742584229 22
1651444594615 0.8018417358398438 23
1651444602504 0.8018418550491333 24
1651444610379 0.8018418550491333 25
1651444618263 0.8018417358398438 26
1651444626096 0.8018421530723572 27
1651444633978 0.8018438220024109 28
1651444641888 0.8018422722816467 29
1651444649744 0.801836371421814 30
1651444661334 0.8000011444091797 31
