1651444413054 0.5428087711334229 0
1651444420995 0.5055121183395386 1
1651444428941 0.5063629150390625 2
1651444436961 0.5053428411483765 3
1651444444943 0.5225147008895874 4
1651444452893 0.5499358177185059 5
1651444460850 0.5569453239440918 6
1651444468703 0.5595963001251221 7
1651444476546 0.5602171421051025 8
1651444484386 0.5616110563278198 9
1651444492267 0.5635499954223633 10
1651444500120 0.5641765594482422 11
1651444508000 0.5629810094833374 12
1651444515882 0.5644835829734802 13
1651444523760 0.5688549280166626 14
1651444531671 0.5657945871353149 15
1651444539485 0.5680057406425476 16
1651444547398 0.5693361163139343 17
1651444555263 0.5674953460693359 18
1651444563155 0.5687687397003174 19
1651444571043 0.5700878500938416 20
1651444578940 0.5697507262229919 21
1651444586788 0.5685723423957825 22
1651444594615 0.5700967311859131 23
1651444602504 0.5726051330566406 24
1651444610379 0.5726966261863708 25
1651444618263 0.5715213418006897 26
1651444626096 0.5706132650375366 27
1651444633978 0.5708053112030029 28
1651444641888 0.5737263560295105 29
1651444649744 0.572576105594635 30
1651444661334 0.5428087711334229 31
