1651444413054 7706011.0 0
1651444420995 7352688.0 1
1651444428941 7352688.0 2
1651444436961 7352688.0 3
1651444444943 7352688.0 4
1651444452893 7352688.0 5
1651444460850 7352688.0 6
1651444468703 7352688.0 7
1651444476546 7352688.0 8
1651444484386 7352688.0 9
1651444492267 7352688.0 10
1651444500120 7352688.0 11
1651444508000 7352688.0 12
1651444515882 7352688.0 13
1651444523760 7352688.0 14
1651444531671 7352688.0 15
1651444539485 7352688.0 16
1651444547398 7352688.0 17
1651444555263 7352688.0 18
1651444563155 7352688.0 19
1651444571043 7352688.0 20
1651444578940 7352688.0 21
1651444586788 7352688.0 22
1651444594615 7352688.0 23
1651444602504 7352688.0 24
1651444610379 7352687.0 25
1651444618263 7352688.0 26
1651444626096 7352434.0 27
1651444633978 7352481.0 28
1651444641888 7352376.0 29
1651444649744 7334570.0 30
1651444661334 7706011.0 31
