1651444413054 0.5163318514823914 0
1651444420995 0.4983978569507599 1
1651444428941 0.4975230395793915 2
1651444436961 0.49748703837394714 3
1651444444943 0.49526211619377136 4
1651444452893 0.4910832345485687 5
1651444460850 0.48887643218040466 6
1651444468703 0.4884161055088043 7
1651444476546 0.48795169591903687 8
1651444484386 0.4870598018169403 9
1651444492267 0.4869690239429474 10
1651444500120 0.4863559603691101 11
1651444508000 0.48774683475494385 12
1651444515882 0.4861301779747009 13
1651444523760 0.48538219928741455 14
1651444531671 0.4852670133113861 15
1651444539485 0.4844922423362732 16
1651444547398 0.4843460023403168 17
1651444555263 0.4844317138195038 18
1651444563155 0.48427140712738037 19
1651444571043 0.48357728123664856 20
1651444578940 0.4840563237667084 21
1651444586788 0.48391327261924744 22
1651444594615 0.483938992023468 23
1651444602504 0.4831322133541107 24
1651444610379 0.4831150770187378 25
1651444618263 0.4829278588294983 26
1651444626096 0.4831981360912323 27
1651444633978 0.48318254947662354 28
1651444641888 0.4825320243835449 29
1651444649744 0.4825999438762665 30
1651444661334 0.5163318514823914 31
