1651444413054 0.8062592148780823 0
1651444420995 0.8018418550491333 1
1651444428941 0.8018419146537781 2
1651444436961 0.8018417954444885 3
1651444444943 0.8018418550491333 4
1651444452893 0.8018419146537781 5
1651444460850 0.8018418550491333 6
1651444468703 0.8018418550491333 7
1651444476546 0.8018418550491333 8
1651444484386 0.8018419146537781 9
1651444492267 0.8018418550491333 10
1651444500120 0.8018419146537781 11
1651444508000 0.8018418550491333 12
1651444515882 0.8018418550491333 13
1651444523760 0.8018418550491333 14
1651444531671 0.8018418550491333 15
1651444539485 0.8018419146537781 16
1651444547398 0.8018419146537781 17
1651444555263 0.8018418550491333 18
1651444563155 0.8018418550491333 19
1651444571043 0.8018417954444885 20
1651444578940 0.8018418550491333 21
1651444586788 0.8018418550491333 22
1651444594615 0.8018418550491333 23
1651444602504 0.8018418550491333 24
1651444610379 0.8018418550491333 25
1651444618263 0.8018418550491333 26
1651444626096 0.8018460869789124 27
1651444633978 0.8018456697463989 28
1651444641888 0.8018470406532288 29
1651444649744 0.802135705947876 30
1651444661334 0.8062592148780823 31
