1651444413054 32068848.0 0
1651444420995 29752464.0 1
1651444428941 29752476.0 2
1651444436961 29752462.0 3
1651444444943 29752460.0 4
1651444452893 29752478.0 5
1651444460850 29752464.0 6
1651444468703 29752460.0 7
1651444476546 29752468.0 8
1651444484386 29752476.0 9
1651444492267 29752460.0 10
1651444500120 29752472.0 11
1651444508000 29752468.0 12
1651444515882 29752468.0 13
1651444523760 29752458.0 14
1651444531671 29752464.0 15
1651444539485 29752472.0 16
1651444547398 29752472.0 17
1651444555263 29752460.0 18
1651444563155 29752460.0 19
1651444571043 29752456.0 20
1651444578940 29752460.0 21
1651444586788 29752468.0 22
1651444594615 29752460.0 23
1651444602504 29752464.0 24
1651444610379 29752464.0 25
1651444618263 29752460.0 26
1651444626096 29752224.0 27
1651444633978 29752332.0 28
1651444641888 29752176.0 29
1651444649744 29734132.0 30
1651444661334 32068848.0 31
