1651442742636 0.8196924328804016 0
1651442750542 0.8835738897323608 1
1651442758468 0.8917810916900635 2
1651442766422 0.8956382274627686 3
1651442774647 0.8966217041015625 4
1651442782839 0.8982741832733154 5
1651442790844 0.8995206952095032 6
1651442798922 0.8997648358345032 7
1651442806862 0.9003451466560364 8
1651442814702 0.9005107283592224 9
1651442822592 0.9010591506958008 10
1651442830658 0.9010089039802551 11
1651442838562 0.9020426869392395 12
1651442846504 0.9020370841026306 13
1651442854563 0.9020626544952393 14
1651442862660 0.9026016592979431 15
1651442870554 0.9029906988143921 16
1651442878493 0.9032910466194153 17
1651442886412 0.9032823443412781 18
1651442894294 0.9038215279579163 19
1651442902201 0.9043753147125244 20
1651442910265 0.9041076898574829 21
1651442918154 0.90395188331604 22
1651442926076 0.9050645232200623 23
1651442934137 0.9044455885887146 24
1651442942049 0.9047814011573792 25
1651442949984 0.9049925804138184 26
1651442957883 0.9055794477462769 27
1651442965865 0.9048788547515869 28
1651442973794 0.9055675864219666 29
1651442981723 0.9063522219657898 30
1651442989570 0.9061588048934937 31
1651442997642 0.9059948325157166 32
1651443005522 0.9059367179870605 33
1651443013383 0.9065561294555664 34
1651443021242 0.9060636162757874 35
1651443029116 0.9061219096183777 36
1651443037002 0.9066331386566162 37
1651443044913 0.9068486094474792 38
1651443052803 0.9068191647529602 39
1651443060691 0.9066111445426941 40
1651443068716 0.9069049954414368 41
1651443076795 0.9073041081428528 42
1651443084710 0.9077115654945374 43
1651443092740 0.907346248626709 44
1651443100585 0.9076164960861206 45
1651443108432 0.9071005582809448 46
1651443116267 0.9077496528625488 47
1651443124164 0.9074747562408447 48
1651443132031 0.9079639315605164 49
1651443139845 0.9082361459732056 50
1651443147699 0.9079985618591309 51
1651443155529 0.9080531001091003 52
1651443163356 0.9073633551597595 53
1651443171207 0.907795250415802 54
1651443179047 0.908096432685852 55
1651443186819 0.9075367450714111 56
1651443194675 0.9075071811676025 57
1651443202528 0.9081205725669861 58
1651443210460 0.9080610871315002 59
1651443218547 0.9083023071289062 60
1651443226519 0.9086458086967468 61
1651443234364 0.9087017178535461 62
1651443242257 0.908629298210144 63
1651443250153 0.9082574844360352 64
1651443258019 0.9086127877235413 65
1651443265897 0.9083098769187927 66
1651443273769 0.908237636089325 67
1651443281568 0.908876895904541 68
1651443289347 0.9090781807899475 69
1651443297208 0.9086709022521973 70
1651443305009 0.9087079763412476 71
1651443312802 0.9085668921470642 72
1651443320622 0.9088824987411499 73
1651443328619 0.9094516038894653 74
1651443336437 0.9086334705352783 75
1651443344323 0.9092633724212646 76
1651443352174 0.9095478653907776 77
1651443359966 0.9090697765350342 78
1651443367753 0.9094243049621582 79
1651443375619 0.9091538786888123 80
1651443383404 0.9090098142623901 81
1651443391271 0.9089555144309998 82
1651443399160 0.9092026948928833 83
1651443406957 0.909616231918335 84
1651443414804 0.9094175100326538 85
1651443422625 0.9092378616333008 86
1651443430479 0.9100156426429749 87
1651443438341 0.9089243412017822 88
1651443446157 0.9095826745033264 89
1651443453979 0.909554660320282 90
1651443461794 0.9094010591506958 91
1651443469664 0.9099064469337463 92
1651443477480 0.9094238877296448 93
1651443485308 0.9097205400466919 94
1651443493111 0.9096466302871704 95
1651443500931 0.9099031686782837 96
1651443508803 0.9101707339286804 97
1651443516632 0.9097635746002197 98
1651443524477 0.909365713596344 99
1651443532317 0.9094434976577759 100
1651443540202 0.9104016423225403 101
1651443548055 0.9097738265991211 102
1651443555899 0.9101709723472595 103
1651443563731 0.9097632765769958 104
1651443612287 0.9094516038894653 105
