1651442742636 0.8055603504180908 0
1651442750542 0.8802169561386108 1
1651442758468 0.8896949291229248 2
1651442766422 0.8949916958808899 3
1651442774647 0.8991806507110596 4
1651442782839 0.9027844667434692 5
1651442790844 0.9053971767425537 6
1651442798922 0.9070888757705688 7
1651442806862 0.9084889888763428 8
1651442814702 0.9089624881744385 9
1651442822592 0.910086452960968 10
1651442830658 0.9107372164726257 11
1651442838562 0.9118511080741882 12
1651442846504 0.9123038053512573 13
1651442854563 0.9127446413040161 14
1651442862660 0.9126842617988586 15
1651442870554 0.914101779460907 16
1651442878493 0.9147053956985474 17
1651442886412 0.9140678644180298 18
1651442894294 0.9147603511810303 19
1651442902201 0.9153198003768921 20
1651442910265 0.9162638187408447 21
1651442918154 0.9155296087265015 22
1651442926076 0.9172683954238892 23
1651442934137 0.9168388247489929 24
1651442942049 0.9174870848655701 25
1651442949984 0.9178797006607056 26
1651442957883 0.9183544516563416 27
1651442965865 0.9163395166397095 28
1651442973794 0.9187014102935791 29
1651442981723 0.9194029569625854 30
1651442989570 0.9196473360061646 31
1651442997642 0.9190423488616943 32
1651443005522 0.9186513423919678 33
1651443013383 0.9197019934654236 34
1651443021242 0.9201157689094543 35
1651443029116 0.9196456670761108 36
1651443037002 0.9204831123352051 37
1651443044913 0.9206295609474182 38
1651443052803 0.9208784699440002 39
1651443060691 0.9205974340438843 40
1651443068716 0.9206886887550354 41
1651443076795 0.9210773706436157 42
1651443084710 0.9216731190681458 43
1651443092740 0.9215259552001953 44
1651443100585 0.9219587445259094 45
1651443108432 0.921990156173706 46
1651443116267 0.9222874641418457 47
1651443124164 0.9224908351898193 48
1651443132031 0.9226000905036926 49
1651443139845 0.9231617450714111 50
1651443147699 0.9227656126022339 51
1651443155529 0.9229000806808472 52
1651443163356 0.9224808216094971 53
1651443171207 0.922636866569519 54
1651443179047 0.9222524762153625 55
1651443186819 0.9230288863182068 56
1651443194675 0.9222452044487 57
1651443202528 0.9235747456550598 58
1651443210460 0.9227392077445984 59
1651443218547 0.923199474811554 60
1651443226519 0.9236427545547485 61
1651443234364 0.9238684177398682 62
1651443242257 0.9239712357521057 63
1651443250153 0.9237848520278931 64
1651443258019 0.9246091246604919 65
1651443265897 0.9239750504493713 66
1651443273769 0.9237212538719177 67
1651443281568 0.9243012070655823 68
1651443289347 0.9243446588516235 69
1651443297208 0.9241438508033752 70
1651443305009 0.9243823289871216 71
1651443312802 0.9238857626914978 72
1651443320622 0.9246401786804199 73
1651443328619 0.9251380562782288 74
1651443336437 0.9240281581878662 75
1651443344323 0.9249593019485474 76
1651443352174 0.9259908199310303 77
1651443359966 0.9247859716415405 78
1651443367753 0.9251585602760315 79
1651443375619 0.9242929220199585 80
1651443383404 0.9246741533279419 81
1651443391271 0.9250449538230896 82
1651443399160 0.9247419238090515 83
1651443406957 0.9255126118659973 84
1651443414804 0.9258682131767273 85
1651443422625 0.9254275560379028 86
1651443430479 0.925807535648346 87
1651443438341 0.9249969720840454 88
1651443446157 0.9260865449905396 89
1651443453979 0.9257398843765259 90
1651443461794 0.9257999658584595 91
1651443469664 0.9259769916534424 92
1651443477480 0.925136923789978 93
1651443485308 0.9255563020706177 94
1651443493111 0.9259669184684753 95
1651443500931 0.9261082410812378 96
1651443508803 0.9266422986984253 97
1651443516632 0.9261634349822998 98
1651443524477 0.9256008267402649 99
1651443532317 0.925452709197998 100
1651443540202 0.926882803440094 101
1651443548055 0.9260292053222656 102
1651443555899 0.9265319108963013 103
1651443563731 0.9259962439537048 104
1651443612287 0.9251380562782288 105
