1651442742636 221536.0 0
1651442750542 866481.0 1
1651442758468 1073406.0 2
1651442766422 1067864.0 3
1651442774647 1050139.0 4
1651442782839 966445.0 5
1651442790844 883292.0 6
1651442798922 831855.0 7
1651442806862 810464.0 8
1651442814702 791978.0 9
1651442822592 795811.0 10
1651442830658 786759.0 11
1651442838562 786530.0 12
1651442846504 802328.0 13
1651442854563 786675.0 14
1651442862660 784968.0 15
1651442870554 792442.0 16
1651442878493 786144.0 17
1651442886412 795305.0 18
1651442894294 804081.0 19
1651442902201 813512.0 20
1651442910265 826365.0 21
1651442918154 839368.0 22
1651442926076 833446.0 23
1651442934137 831216.0 24
1651442942049 841343.0 25
1651442949984 850056.0 26
1651442957883 842411.0 27
1651442965865 851389.0 28
1651442973794 842351.0 29
1651442981723 870584.0 30
1651442989570 882046.0 31
1651442997642 885607.0 32
1651443005522 884627.0 33
1651443013383 889945.0 34
1651443021242 859628.0 35
1651443029116 882216.0 36
1651443037002 877103.0 37
1651443044913 876664.0 38
1651443052803 879974.0 39
1651443060691 867629.0 40
1651443068716 891799.0 41
1651443076795 900303.0 42
1651443084710 904826.0 43
1651443092740 887739.0 44
1651443100585 877043.0 45
1651443108432 911317.0 46
1651443116267 911798.0 47
1651443124164 907089.0 48
1651443132031 889925.0 49
1651443139845 911633.0 50
1651443147699 928868.0 51
1651443155529 913924.0 52
1651443163356 910072.0 53
1651443171207 906011.0 54
1651443179047 907342.0 55
1651443186819 914723.0 56
1651443194675 931586.0 57
1651443202528 921325.0 58
1651443210460 916964.0 59
1651443218547 912535.0 60
1651443226519 917798.0 61
1651443234364 921611.0 62
1651443242257 923758.0 63
1651443250153 930163.0 64
1651443258019 916145.0 65
1651443265897 907084.0 66
1651443273769 919269.0 67
1651443281568 911985.0 68
1651443289347 908114.0 69
1651443297208 899504.0 70
1651443305009 916713.0 71
1651443312802 894315.0 72
1651443320622 912198.0 73
1651443328619 918924.0 74
1651443336437 926709.0 75
1651443344323 912749.0 76
1651443352174 918894.0 77
1651443359966 921978.0 78
1651443367753 932922.0 79
1651443375619 900922.0 80
1651443383404 921884.0 81
1651443391271 918321.0 82
1651443399160 909697.0 83
1651443406957 921684.0 84
1651443414804 907274.0 85
1651443422625 922731.0 86
1651443430479 904247.0 87
1651443438341 932161.0 88
1651443446157 918992.0 89
1651443453979 937458.0 90
1651443461794 926386.0 91
1651443469664 920539.0 92
1651443477480 927243.0 93
1651443485308 917084.0 94
1651443493111 919102.0 95
1651443500931 917702.0 96
1651443508803 925566.0 97
1651443516632 923390.0 98
1651443524477 937130.0 99
1651443532317 929531.0 100
1651443540202 918438.0 101
1651443548055 902190.0 102
1651443555899 926968.0 103
1651443563731 928742.0 104
1651443612287 918924.0 105
