1651442742636 7071173.0 0
1651442750542 3453517.0 1
1651442758468 2942079.0 2
1651442766422 2804499.0 3
1651442774647 2785730.0 4
1651442782839 2808107.0 5
1651442790844 2845009.0 6
1651442798922 2887383.0 7
1651442806862 2887239.0 8
1651442814702 2899581.0 9
1651442822592 2875410.0 10
1651442830658 2886323.0 11
1651442838562 2848190.0 12
1651442846504 2832600.0 13
1651442854563 2847303.0 14
1651442862660 2829025.0 15
1651442870554 2807098.0 16
1651442878493 2802256.0 17
1651442886412 2793423.0 18
1651442894294 2764639.0 19
1651442902201 2734649.0 20
1651442910265 2731727.0 21
1651442918154 2724523.0 22
1651442926076 2689158.0 23
1651442934137 2714344.0 24
1651442942049 2691770.0 25
1651442949984 2675208.0 26
1651442957883 2661083.0 27
1651442965865 2678087.0 28
1651442973794 2661579.0 29
1651442981723 2604230.0 30
1651442989570 2599943.0 31
1651442997642 2602474.0 32
1651443005522 2605594.0 33
1651443013383 2577301.0 34
1651443021242 2625902.0 35
1651443029116 2601148.0 36
1651443037002 2587292.0 37
1651443044913 2579731.0 38
1651443052803 2577509.0 39
1651443060691 2597580.0 40
1651443068716 2562508.0 41
1651443076795 2539202.0 42
1651443084710 2519544.0 43
1651443092740 2550188.0 44
1651443100585 2550857.0 45
1651443108432 2535718.0 46
1651443116267 2511168.0 47
1651443124164 2526069.0 48
1651443132031 2525092.0 49
1651443139845 2493274.0 50
1651443147699 2484861.0 51
1651443155529 2497793.0 52
1651443163356 2527229.0 53
1651443171207 2515257.0 54
1651443179047 2502752.0 55
1651443186819 2516142.0 56
1651443194675 2500374.0 57
1651443202528 2487876.0 58
1651443210460 2494445.0 59
1651443218547 2489910.0 60
1651443226519 2471914.0 61
1651443234364 2466027.0 62
1651443242257 2466569.0 63
1651443250153 2473963.0 64
1651443258019 2474785.0 65
1651443265897 2495095.0 66
1651443273769 2485595.0 67
1651443281568 2469160.0 68
1651443289347 2465543.0 69
1651443297208 2489266.0 70
1651443305009 2470692.0 71
1651443312802 2498323.0 72
1651443320622 2468724.0 73
1651443328619 2440887.0 74
1651443336437 2463461.0 75
1651443344323 2454036.0 76
1651443352174 2437345.0 77
1651443359966 2451999.0 78
1651443367753 2427909.0 79
1651443375619 2469929.0 80
1651443383404 2454329.0 81
1651443391271 2459899.0 82
1651443399160 2459354.0 83
1651443406957 2432012.0 84
1651443414804 2453803.0 85
1651443422625 2445013.0 86
1651443430479 2434626.0 87
1651443438341 2447221.0 88
1651443446157 2435963.0 89
1651443453979 2418537.0 90
1651443461794 2435301.0 91
1651443469664 2422389.0 92
1651443477480 2433591.0 93
1651443485308 2432752.0 94
1651443493111 2433470.0 95
1651443500931 2425359.0 96
1651443508803 2407553.0 97
1651443516632 2424843.0 98
1651443524477 2425874.0 99
1651443532317 2430582.0 100
1651443540202 2406120.0 101
1651443548055 2445665.0 102
1651443555899 2406154.0 103
1651443563731 2419506.0 104
1651443612287 2440887.0 105
