1651442742636 0.39313673973083496 0
1651442750542 0.334967702627182 1
1651442758468 0.32098743319511414 2
1651442766422 0.3083491027355194 3
1651442774647 0.2944459915161133 4
1651442782839 0.2839864194393158 5
1651442790844 0.2772442400455475 6
1651442798922 0.2733422517776489 7
1651442806862 0.2706618905067444 8
1651442814702 0.26930636167526245 9
1651442822592 0.26764485239982605 10
1651442830658 0.26672011613845825 11
1651442838562 0.26473721861839294 12
1651442846504 0.26424992084503174 13
1651442854563 0.2636253535747528 14
1651442862660 0.2632611095905304 15
1651442870554 0.26140695810317993 16
1651442878493 0.26081058382987976 17
1651442886412 0.2613353133201599 18
1651442894294 0.2603689134120941 19
1651442902201 0.25941431522369385 20
1651442910265 0.2586013376712799 21
1651442918154 0.25989440083503723 22
1651442926076 0.25704795122146606 23
1651442934137 0.25785258412361145 24
1651442942049 0.2567901909351349 25
1651442949984 0.25642672181129456 26
1651442957883 0.255776584148407 27
1651442965865 0.258149653673172 28
1651442973794 0.25534215569496155 29
1651442981723 0.25426235795021057 30
1651442989570 0.2540697455406189 31
1651442997642 0.254647821187973 32
1651443005522 0.2550737261772156 33
1651443013383 0.2537858188152313 34
1651443021242 0.2534182667732239 35
1651443029116 0.253993958234787 36
1651443037002 0.2529010772705078 37
1651443044913 0.2524746358394623 38
1651443052803 0.2520962655544281 39
1651443060691 0.2526642382144928 40
1651443068716 0.2523353099822998 41
1651443076795 0.25184154510498047 42
1651443084710 0.25103428959846497 43
1651443092740 0.25146082043647766 44
1651443100585 0.25056418776512146 45
1651443108432 0.25127288699150085 46
1651443116267 0.25037285685539246 47
1651443124164 0.25017163157463074 48
1651443132031 0.24968290328979492 49
1651443139845 0.2489614635705948 50
1651443147699 0.2494279444217682 51
1651443155529 0.2494966685771942 52
1651443163356 0.2503049075603485 53
1651443171207 0.2498844861984253 54
1651443179047 0.24994824826717377 55
1651443186819 0.2497560977935791 56
1651443194675 0.2506146728992462 57
1651443202528 0.24888789653778076 58
1651443210460 0.24944156408309937 59
1651443218547 0.24895957112312317 60
1651443226519 0.24845939874649048 61
1651443234364 0.24819065630435944 62
1651443242257 0.24827198684215546 63
1651443250153 0.2484769970178604 64
1651443258019 0.24735352396965027 65
1651443265897 0.24812594056129456 66
1651443273769 0.24842309951782227 67
1651443281568 0.24736936390399933 68
1651443289347 0.24718335270881653 69
1651443297208 0.24797162413597107 70
1651443305009 0.24758319556713104 71
1651443312802 0.24815130233764648 72
1651443320622 0.2470865249633789 73
1651443328619 0.24620310962200165 74
1651443336437 0.2480045109987259 75
1651443344323 0.2466949075460434 76
1651443352174 0.24531374871730804 77
1651443359966 0.24668946862220764 78
1651443367753 0.246225968003273 79
1651443375619 0.24733823537826538 80
1651443383404 0.24712403118610382 81
1651443391271 0.24659135937690735 82
1651443399160 0.24697233736515045 83
1651443406957 0.24561293423175812 84
1651443414804 0.2453709989786148 85
1651443422625 0.24603386223316193 86
1651443430479 0.24496306478977203 87
1651443438341 0.2465539574623108 88
1651443446157 0.2451225072145462 89
1651443453979 0.2455817461013794 90
1651443461794 0.24549466371536255 91
1651443469664 0.24499738216400146 92
1651443477480 0.24610818922519684 93
1651443485308 0.24547125399112701 94
1651443493111 0.24523578584194183 95
1651443500931 0.2448285073041916 96
1651443508803 0.24406296014785767 97
1651443516632 0.2450680136680603 98
1651443524477 0.24576053023338318 99
1651443532317 0.2455836534500122 100
1651443540202 0.24379457533359528 101
1651443548055 0.24518992006778717 102
1651443555899 0.24426260590553284 103
1651443563731 0.2450457215309143 104
1651443612287 0.24620310962200165 105
