1651442742636 0.8200793862342834 0
1651442750542 0.8932105898857117 1
1651442758468 0.9069584012031555 2
1651442766422 0.9109374284744263 3
1651442774647 0.9115305542945862 4
1651442782839 0.9111193418502808 5
1651442790844 0.9102922677993774 6
1651442798922 0.9092245697975159 7
1651442806862 0.9092897176742554 8
1651442814702 0.9089901447296143 9
1651442822592 0.9096693992614746 10
1651442830658 0.9093832969665527 11
1651442838562 0.9104740023612976 12
1651442846504 0.9108761548995972 13
1651442854563 0.9104989767074585 14
1651442862660 0.911027193069458 15
1651442870554 0.9116351008415222 16
1651442878493 0.9117915630340576 17
1651442886412 0.9120197296142578 18
1651442894294 0.9128232002258301 19
1651442902201 0.9136615991592407 20
1651442910265 0.9137108325958252 21
1651442918154 0.9138834476470947 22
1651442926076 0.9149220585823059 23
1651442934137 0.9141996502876282 24
1651442942049 0.9148252010345459 25
1651442949984 0.9152814745903015 26
1651442957883 0.915711522102356 27
1651442965865 0.9151945114135742 28
1651442973794 0.9156972765922546 29
1651442981723 0.9172895550727844 30
1651442989570 0.9173843860626221 31
1651442997642 0.9173012375831604 32
1651443005522 0.9172129034996033 33
1651443013383 0.9180243015289307 34
1651443021242 0.9166876077651978 35
1651443029116 0.9173488020896912 36
1651443037002 0.917766273021698 37
1651443044913 0.9179880023002625 38
1651443052803 0.9180442690849304 39
1651443060691 0.91749107837677 40
1651443068716 0.9184516668319702 41
1651443076795 0.919111430644989 42
1651443084710 0.9196757674217224 43
1651443092740 0.9188224077224731 44
1651443100585 0.9188304543495178 45
1651443108432 0.9191851019859314 46
1651443116267 0.9199036359786987 47
1651443124164 0.919478714466095 48
1651443132031 0.9195513725280762 49
1651443139845 0.9204294085502625 50
1651443147699 0.9206329584121704 51
1651443155529 0.9202908277511597 52
1651443163356 0.919437050819397 53
1651443171207 0.9197984933853149 54
1651443179047 0.9201620221138 55
1651443186819 0.9197502732276917 56
1651443194675 0.9201700687408447 57
1651443202528 0.9205633997917175 58
1651443210460 0.920381486415863 59
1651443218547 0.9205259084701538 60
1651443226519 0.92104172706604 61
1651443234364 0.9212052822113037 62
1651443242257 0.9211840033531189 63
1651443250153 0.9209502339363098 64
1651443258019 0.9209614396095276 65
1651443265897 0.9203873872756958 66
1651443273769 0.9206357002258301 67
1651443281568 0.9211373925209045 68
1651443289347 0.921253502368927 69
1651443297208 0.920577883720398 70
1651443305009 0.9210804104804993 71
1651443312802 0.9203251004219055 72
1651443320622 0.9211496710777283 73
1651443328619 0.9219526648521423 74
1651443336437 0.921268105506897 75
1651443344323 0.9215806126594543 76
1651443352174 0.9220570921897888 77
1651443359966 0.9216175079345703 78
1651443367753 0.9223006367683411 79
1651443375619 0.9211426377296448 80
1651443383404 0.9215491414070129 81
1651443391271 0.9213939309120178 82
1651443399160 0.9214317202568054 83
1651443406957 0.9222074747085571 84
1651443414804 0.9216012358665466 85
1651443422625 0.9218215346336365 86
1651443430479 0.9221737384796143 87
1651443438341 0.9217327833175659 88
1651443446157 0.9220976233482361 89
1651443453979 0.9225660562515259 90
1651443461794 0.9220987558364868 91
1651443469664 0.9224942326545715 92
1651443477480 0.9221470355987549 93
1651443485308 0.9221971035003662 94
1651443493111 0.922170877456665 95
1651443500931 0.9224135875701904 96
1651443508803 0.9229199886322021 97
1651443516632 0.9224147200584412 98
1651443524477 0.9223501682281494 99
1651443532317 0.9222301244735718 100
1651443540202 0.9229798913002014 101
1651443548055 0.9218536615371704 102
1651443555899 0.9229578375816345 103
1651443563731 0.9225590229034424 104
1651443612287 0.9219526648521423 105
