1651442742636 0.9931734204292297 0
1651442750542 0.9708770513534546 1
1651442758468 0.9639220833778381 2
1651442766422 0.964108407497406 3
1651442774647 0.9647040963172913 4
1651442782839 0.9675171971321106 5
1651442790844 0.9703119993209839 6
1651442798922 0.9720407724380493 7
1651442806862 0.9727597832679749 8
1651442814702 0.9733811020851135 9
1651442822592 0.9732522368431091 10
1651442830658 0.9735564589500427 11
1651442838562 0.9735642075538635 12
1651442846504 0.9730332493782043 13
1651442854563 0.9735593199729919 14
1651442862660 0.9736167192459106 15
1651442870554 0.9733654856681824 16
1651442878493 0.9735772013664246 17
1651442886412 0.9732692837715149 18
1651442894294 0.9729743599891663 19
1651442902201 0.972657322883606 20
1651442910265 0.9722253680229187 21
1651442918154 0.9717882871627808 22
1651442926076 0.9719873070716858 23
1651442934137 0.9720622897148132 24
1651442942049 0.971721887588501 25
1651442949984 0.9714290499687195 26
1651442957883 0.9716860055923462 27
1651442965865 0.9713842868804932 28
1651442973794 0.9716879725456238 29
1651442981723 0.9707391262054443 30
1651442989570 0.9703538417816162 31
1651442997642 0.9702341556549072 32
1651443005522 0.9702670574188232 33
1651443013383 0.9700883626937866 34
1651443021242 0.9711073637008667 35
1651443029116 0.9703481197357178 36
1651443037002 0.9705199599266052 37
1651443044913 0.9705347418785095 38
1651443052803 0.9704234600067139 39
1651443060691 0.9708384275436401 40
1651443068716 0.9700260162353516 41
1651443076795 0.9697402119636536 42
1651443084710 0.9695882201194763 43
1651443092740 0.9701625108718872 44
1651443100585 0.9705219864845276 45
1651443108432 0.9693700671195984 46
1651443116267 0.9693538546562195 47
1651443124164 0.9695121645927429 48
1651443132031 0.9700890183448792 49
1651443139845 0.9693594574928284 50
1651443147699 0.9687801599502563 51
1651443155529 0.9692823886871338 52
1651443163356 0.9694118499755859 53
1651443171207 0.9695483446121216 54
1651443179047 0.96950364112854 55
1651443186819 0.9692555069923401 56
1651443194675 0.9686887860298157 57
1651443202528 0.9690336585044861 58
1651443210460 0.9691802263259888 59
1651443218547 0.9693291187286377 60
1651443226519 0.9691522121429443 61
1651443234364 0.9690240025520325 62
1651443242257 0.9689518809318542 63
1651443250153 0.9687366485595703 64
1651443258019 0.9692078232765198 65
1651443265897 0.9695122838020325 66
1651443273769 0.9691027402877808 67
1651443281568 0.9693475365638733 68
1651443289347 0.9694777131080627 69
1651443297208 0.9697670936584473 70
1651443305009 0.9691886901855469 71
1651443312802 0.9699414372444153 72
1651443320622 0.969340443611145 73
1651443328619 0.969114363193512 74
1651443336437 0.9688527584075928 75
1651443344323 0.9693219065666199 76
1651443352174 0.9691153764724731 77
1651443359966 0.9690117239952087 78
1651443367753 0.9686439037322998 79
1651443375619 0.969719409942627 80
1651443383404 0.9690148830413818 81
1651443391271 0.9691346287727356 82
1651443399160 0.9694244861602783 83
1651443406957 0.9690215587615967 84
1651443414804 0.9695059061050415 85
1651443422625 0.9689863920211792 86
1651443430479 0.9696077108383179 87
1651443438341 0.9686694145202637 88
1651443446157 0.9691120982170105 89
1651443453979 0.9684914350509644 90
1651443461794 0.9688635468482971 91
1651443469664 0.9690601229667664 92
1651443477480 0.9688346982002258 93
1651443485308 0.969176173210144 94
1651443493111 0.9691083431243896 95
1651443500931 0.9691554307937622 96
1651443508803 0.9688910841941833 97
1651443516632 0.9689642190933228 98
1651443524477 0.9685024619102478 99
1651443532317 0.9687578082084656 100
1651443540202 0.9691306948661804 101
1651443548055 0.9696767926216125 102
1651443555899 0.9688439965248108 103
1651443563731 0.9687843918800354 104
1651443612287 0.969114363193512 105
