1651442742636 922798.0 0
1651442750542 3899171.0 1
1651442758468 4410609.0 2
1651442766422 4548189.0 3
1651442774647 4566958.0 4
1651442782839 4544581.0 5
1651442790844 4507679.0 6
1651442798922 4465305.0 7
1651442806862 4465449.0 8
1651442814702 4453107.0 9
1651442822592 4477278.0 10
1651442830658 4466365.0 11
1651442838562 4504498.0 12
1651442846504 4520088.0 13
1651442854563 4505385.0 14
1651442862660 4523663.0 15
1651442870554 4545590.0 16
1651442878493 4550432.0 17
1651442886412 4559265.0 18
1651442894294 4588049.0 19
1651442902201 4618039.0 20
1651442910265 4620961.0 21
1651442918154 4628165.0 22
1651442926076 4663530.0 23
1651442934137 4638344.0 24
1651442942049 4660918.0 25
1651442949984 4677480.0 26
1651442957883 4691605.0 27
1651442965865 4674601.0 28
1651442973794 4691109.0 29
1651442981723 4748458.0 30
1651442989570 4752745.0 31
1651442997642 4750214.0 32
1651443005522 4747094.0 33
1651443013383 4775387.0 34
1651443021242 4726786.0 35
1651443029116 4751540.0 36
1651443037002 4765396.0 37
1651443044913 4772957.0 38
1651443052803 4775179.0 39
1651443060691 4755108.0 40
1651443068716 4790180.0 41
1651443076795 4813486.0 42
1651443084710 4833144.0 43
1651443092740 4802500.0 44
1651443100585 4801831.0 45
1651443108432 4816970.0 46
1651443116267 4841520.0 47
1651443124164 4826619.0 48
1651443132031 4827596.0 49
1651443139845 4859414.0 50
1651443147699 4867827.0 51
1651443155529 4854895.0 52
1651443163356 4825459.0 53
1651443171207 4837431.0 54
1651443179047 4849936.0 55
1651443186819 4836546.0 56
1651443194675 4852314.0 57
1651443202528 4864812.0 58
1651443210460 4858243.0 59
1651443218547 4862778.0 60
1651443226519 4880774.0 61
1651443234364 4886661.0 62
1651443242257 4886119.0 63
1651443250153 4878725.0 64
1651443258019 4877903.0 65
1651443265897 4857593.0 66
1651443273769 4867093.0 67
1651443281568 4883528.0 68
1651443289347 4887145.0 69
1651443297208 4863422.0 70
1651443305009 4881996.0 71
1651443312802 4854365.0 72
1651443320622 4883964.0 73
1651443328619 4911801.0 74
1651443336437 4889227.0 75
1651443344323 4898652.0 76
1651443352174 4915343.0 77
1651443359966 4900689.0 78
1651443367753 4924779.0 79
1651443375619 4882759.0 80
1651443383404 4898359.0 81
1651443391271 4892789.0 82
1651443399160 4893334.0 83
1651443406957 4920676.0 84
1651443414804 4898885.0 85
1651443422625 4907675.0 86
1651443430479 4918062.0 87
1651443438341 4905467.0 88
1651443446157 4916725.0 89
1651443453979 4934151.0 90
1651443461794 4917387.0 91
1651443469664 4930299.0 92
1651443477480 4919097.0 93
1651443485308 4919936.0 94
1651443493111 4919218.0 95
1651443500931 4927329.0 96
1651443508803 4945135.0 97
1651443516632 4927845.0 98
1651443524477 4926814.0 99
1651443532317 4922106.0 100
1651443540202 4946568.0 101
1651443548055 4907023.0 102
1651443555899 4946534.0 103
1651443563731 4933182.0 104
1651443612287 4911801.0 105
