1651442742636 32230452.0 0
1651442750542 28885980.0 1
1651442758468 28679052.0 2
1651442766422 28684600.0 3
1651442774647 28702320.0 4
1651442782839 28786024.0 5
1651442790844 28869180.0 6
1651442798922 28920600.0 7
1651442806862 28942000.0 8
1651442814702 28960484.0 9
1651442822592 28956656.0 10
1651442830658 28965692.0 11
1651442838562 28965928.0 12
1651442846504 28950138.0 13
1651442854563 28965792.0 14
1651442862660 28967488.0 15
1651442870554 28960024.0 16
1651442878493 28966324.0 17
1651442886412 28957152.0 18
1651442894294 28948384.0 19
1651442902201 28938952.0 20
1651442910265 28926100.0 21
1651442918154 28913094.0 22
1651442926076 28919020.0 23
1651442934137 28921248.0 24
1651442942049 28911120.0 25
1651442949984 28902400.0 26
1651442957883 28910064.0 27
1651442965865 28901084.0 28
1651442973794 28910112.0 29
1651442981723 28881888.0 30
1651442989570 28870428.0 31
1651442997642 28866856.0 32
1651443005522 28867840.0 33
1651443013383 28862508.0 34
1651443021242 28892840.0 35
1651443029116 28870246.0 36
1651443037002 28875368.0 37
1651443044913 28875804.0 38
1651443052803 28872488.0 39
1651443060691 28884840.0 40
1651443068716 28860664.0 41
1651443076795 28852160.0 42
1651443084710 28847636.0 43
1651443092740 28864726.0 44
1651443100585 28875416.0 45
1651443108432 28841140.0 46
1651443116267 28840664.0 47
1651443124164 28845372.0 48
1651443132031 28862534.0 49
1651443139845 28840836.0 50
1651443147699 28823604.0 51
1651443155529 28838538.0 52
1651443163356 28842384.0 53
1651443171207 28846456.0 54
1651443179047 28845132.0 55
1651443186819 28837748.0 56
1651443194675 28820876.0 57
1651443202528 28831136.0 58
1651443210460 28835500.0 59
1651443218547 28839930.0 60
1651443226519 28834664.0 61
1651443234364 28830848.0 62
1651443242257 28828708.0 63
1651443250153 28822302.0 64
1651443258019 28836320.0 65
1651443265897 28845376.0 66
1651443273769 28833190.0 67
1651443281568 28840478.0 68
1651443289347 28844352.0 69
1651443297208 28852952.0 70
1651443305009 28835760.0 71
1651443312802 28858148.0 72
1651443320622 28840270.0 73
1651443328619 28833538.0 74
1651443336437 28825756.0 75
1651443344323 28839716.0 76
1651443352174 28833570.0 77
1651443359966 28830488.0 78
1651443367753 28819544.0 79
1651443375619 28851544.0 80
1651443383404 28830592.0 81
1651443391271 28834128.0 82
1651443399160 28842774.0 83
1651443406957 28830776.0 84
1651443414804 28845182.0 85
1651443422625 28829740.0 86
1651443430479 28848210.0 87
1651443438341 28820290.0 88
1651443446157 28833472.0 89
1651443453979 28815004.0 90
1651443461794 28826080.0 91
1651443469664 28831922.0 92
1651443477480 28825224.0 93
1651443485308 28835382.0 94
1651443493111 28833360.0 95
1651443500931 28834760.0 96
1651443508803 28826896.0 97
1651443516632 28829064.0 98
1651443524477 28815332.0 99
1651443532317 28822940.0 100
1651443540202 28834028.0 101
1651443548055 28850276.0 102
1651443555899 28825500.0 103
1651443563731 28823720.0 104
1651443612287 28833538.0 105
