1651447918697 0.8573880791664124 0
1651447929927 0.8914880752563477 1
1651447941270 0.8968032002449036 2
1651447952528 0.9001480937004089 3
1651447963688 0.9014109373092651 4
1651447974839 0.9028425812721252 5
1651447985961 0.9030558466911316 6
1651447997075 0.903762698173523 7
1651448008206 0.9045623540878296 8
1651448019369 0.9047622084617615 9
1651448030592 0.9053554534912109 10
1651448041786 0.9057603478431702 11
1651448052956 0.9059193730354309 12
1651448064106 0.9061523079872131 13
1651448075263 0.9065272808074951 14
1651448086389 0.907252311706543 15
1651448097541 0.9073880910873413 16
1651448108700 0.9075121283531189 17
1651448119758 0.9080589413642883 18
1651448130893 0.9080304503440857 19
1651448141998 0.9077147245407104 20
1651448153076 0.9083022475242615 21
1651448164165 0.908882737159729 22
1651448175299 0.9091508388519287 23
1651448186426 0.9094064235687256 24
1651448197582 0.9089651107788086 25
1651448208738 0.9090664386749268 26
1651448219816 0.9096468091011047 27
1651448230900 0.9094974994659424 28
1651448242026 0.9100334048271179 29
1651448253129 0.909950852394104 30
1651448264221 0.9097414612770081 31
1651448275339 0.9096692800521851 32
1651448286457 0.9107946157455444 33
1651448297549 0.91075199842453 34
1651448308670 0.9100256562232971 35
1651448319775 0.9108569025993347 36
1651448330902 0.9108104705810547 37
1651448342020 0.9109525084495544 38
1651448353126 0.910736620426178 39
1651448364240 0.9106836915016174 40
1651448375377 0.9113417863845825 41
1651448386629 0.9108306169509888 42
1651448397761 0.9111202955245972 43
1651448408864 0.9110592603683472 44
1651448419979 0.9106309413909912 45
1651448431068 0.9116026759147644 46
1651448442191 0.9113003015518188 47
1651448453289 0.9116897583007812 48
1651448464370 0.9112964272499084 49
1651448475482 0.9116750359535217 50
1651448486548 0.9121319651603699 51
1651448497657 0.9114468097686768 52
1651448508745 0.9114888310432434 53
1651448519870 0.9113276600837708 54
1651448530981 0.9116838574409485 55
1651448542063 0.9115859866142273 56
1651448553127 0.9122631549835205 57
1651448564232 0.9120818376541138 58
1651448575264 0.9121829867362976 59
1651448586334 0.912277102470398 60
1651448597418 0.9122625589370728 61
1651448608493 0.9118722677230835 62
1651448619588 0.9122252464294434 63
1651448630672 0.9122577905654907 64
1651448641800 0.9125165343284607 65
1651448652893 0.9126108288764954 66
1651448663957 0.9118863940238953 67
1651448675047 0.9124032258987427 68
1651448686093 0.9120079874992371 69
1651448697238 0.9124987125396729 70
1651448708314 0.9127852916717529 71
1651448719405 0.9125504493713379 72
1651448730508 0.9123360514640808 73
1651448741595 0.912513792514801 74
1651448752693 0.9129519462585449 75
1651448763727 0.9125261902809143 76
1651448774780 0.912775456905365 77
1651448785901 0.913167417049408 78
1651448841921 0.9116897583007812 79
