1651447918697 0.8210192918777466 0
1651447929927 0.8949790000915527 1
1651447941270 0.9041082262992859 2
1651447952528 0.9096015691757202 3
1651447963688 0.911430835723877 4
1651447974839 0.9139253497123718 5
1651447985961 0.9158141016960144 6
1651447997075 0.9159794449806213 7
1651448008206 0.9172700643539429 8
1651448019369 0.9173576831817627 9
1651448030592 0.9186241626739502 10
1651448041786 0.9194106459617615 11
1651448052956 0.9203913807868958 12
1651448064106 0.9208124279975891 13
1651448075263 0.9214849472045898 14
1651448086389 0.9216419458389282 15
1651448097541 0.9227235317230225 16
1651448108700 0.922564685344696 17
1651448119758 0.9229280948638916 18
1651448130893 0.9229705333709717 19
1651448141998 0.9226887226104736 20
1651448153076 0.923741340637207 21
1651448164165 0.9245826005935669 22
1651448175299 0.9251154065132141 23
1651448186426 0.9257234334945679 24
1651448197582 0.9252969026565552 25
1651448208738 0.9249248504638672 26
1651448219816 0.9261432886123657 27
1651448230900 0.9257700443267822 28
1651448242026 0.9271178245544434 29
1651448253129 0.9267376661300659 30
1651448264221 0.9264068007469177 31
1651448275339 0.9267431497573853 32
1651448286457 0.9275895357131958 33
1651448297549 0.9278884530067444 34
1651448308670 0.9269404411315918 35
1651448319775 0.9279645085334778 36
1651448330902 0.9276825189590454 37
1651448342020 0.9283149838447571 38
1651448353126 0.927849531173706 39
1651448364240 0.9283850789070129 40
1651448375377 0.9286893606185913 41
1651448386629 0.9286196827888489 42
1651448397761 0.92878258228302 43
1651448408864 0.9284515976905823 44
1651448419979 0.9286945462226868 45
1651448431068 0.9293954968452454 46
1651448442191 0.9290140867233276 47
1651448453289 0.9290320873260498 48
1651448464370 0.9294176697731018 49
1651448475482 0.9298596978187561 50
1651448486548 0.9303308725357056 51
1651448497657 0.9296427369117737 52
1651448508745 0.929766833782196 53
1651448519870 0.929694652557373 54
1651448530981 0.9297482371330261 55
1651448542063 0.9290695786476135 56
1651448553127 0.9303685426712036 57
1651448564232 0.9300990104675293 58
1651448575264 0.9304947257041931 59
1651448586334 0.9303765296936035 60
1651448597418 0.9306022524833679 61
1651448608493 0.9305197596549988 62
1651448619588 0.9307624697685242 63
1651448630672 0.9310866594314575 64
1651448641800 0.9314539432525635 65
1651448652893 0.9309204816818237 66
1651448663957 0.9304758310317993 67
1651448675047 0.9311589598655701 68
1651448686093 0.931206226348877 69
1651448697238 0.9314237236976624 70
1651448708314 0.9318598508834839 71
1651448719405 0.931244432926178 72
1651448730508 0.9311285614967346 73
1651448741595 0.9317321181297302 74
1651448752693 0.9321063160896301 75
1651448763727 0.9311651587486267 76
1651448774780 0.9311010837554932 77
1651448785901 0.9320650696754456 78
1651448841921 0.9290320873260498 79
