1651447918697 1066493.0 0
1651447929927 942141.0 1
1651447941270 946664.0 2
1651447952528 911568.0 3
1651447963688 918369.0 4
1651447974839 914349.0 5
1651447985961 921845.0 6
1651447997075 920470.0 7
1651448008206 930574.0 8
1651448019369 940676.0 9
1651448030592 921956.0 10
1651448041786 933351.0 11
1651448052956 953334.0 12
1651448064106 940745.0 13
1651448075263 929111.0 14
1651448086389 939763.0 15
1651448097541 939809.0 16
1651448108700 949592.0 17
1651448119758 935049.0 18
1651448130893 945364.0 19
1651448141998 960781.0 20
1651448153076 964725.0 21
1651448164165 936129.0 22
1651448175299 947888.0 23
1651448186426 961218.0 24
1651448197582 953338.0 25
1651448208738 950112.0 26
1651448219816 974488.0 27
1651448230900 959779.0 28
1651448242026 964146.0 29
1651448253129 959038.0 30
1651448264221 956624.0 31
1651448275339 962859.0 32
1651448286457 963929.0 33
1651448297549 959822.0 34
1651448308670 975251.0 35
1651448319775 954051.0 36
1651448330902 949759.0 37
1651448342020 968675.0 38
1651448353126 941163.0 39
1651448364240 963004.0 40
1651448375377 957188.0 41
1651448386629 969552.0 42
1651448397761 952026.0 43
1651448408864 957051.0 44
1651448419979 941704.0 45
1651448431068 941200.0 46
1651448442191 947516.0 47
1651448453289 939975.0 48
1651448464370 958832.0 49
1651448475482 947182.0 50
1651448486548 963058.0 51
1651448497657 960379.0 52
1651448508745 952422.0 53
1651448519870 960828.0 54
1651448530981 949759.0 55
1651448542063 953145.0 56
1651448553127 954787.0 57
1651448564232 957869.0 58
1651448575264 944575.0 59
1651448586334 937659.0 60
1651448597418 917806.0 61
1651448608493 934327.0 62
1651448619588 945548.0 63
1651448630672 939686.0 64
1651448641800 955093.0 65
1651448652893 936515.0 66
1651448663957 927968.0 67
1651448675047 936930.0 68
1651448686093 943405.0 69
1651448697238 947377.0 70
1651448708314 937540.0 71
1651448719405 925951.0 72
1651448730508 932846.0 73
1651448741595 943578.0 74
1651448752693 917973.0 75
1651448763727 935102.0 76
1651448774780 935491.0 77
1651448785901 936387.0 78
1651448841921 939975.0 79
