1651447918697 4701595.0 0
1651447929927 3084213.0 1
1651447941270 2882465.0 2
1651447952528 2793459.0 3
1651447963688 2739792.0 4
1651447974839 2690699.0 5
1651447985961 2675279.0 6
1651447997075 2650436.0 7
1651448008206 2610635.0 8
1651448019369 2593135.0 9
1651448030592 2589838.0 10
1651448041786 2563429.0 11
1651448052956 2537547.0 12
1651448064106 2541490.0 13
1651448075263 2539209.0 14
1651448086389 2501655.0 15
1651448097541 2496581.0 16
1651448108700 2482180.0 17
1651448119758 2476437.0 18
1651448130893 2467185.0 19
1651448141998 2463483.0 20
1651448153076 2437735.0 21
1651448164165 2444779.0 22
1651448175299 2423087.0 23
1651448186426 2400271.0 24
1651448197582 2424529.0 25
1651448208738 2423993.0 26
1651448219816 2378088.0 27
1651448230900 2398329.0 28
1651448242026 2374077.0 29
1651448253129 2382252.0 30
1651448264221 2392430.0 31
1651448275339 2388880.0 32
1651448286457 2346055.0 33
1651448297549 2351735.0 34
1651448308670 2363255.0 35
1651448319775 2353615.0 36
1651448330902 2359642.0 37
1651448342020 2335444.0 38
1651448353126 2370977.0 39
1651448364240 2351084.0 40
1651448375377 2332487.0 41
1651448386629 2339086.0 42
1651448397761 2345856.0 43
1651448408864 2343110.0 44
1651448419979 2374340.0 45
1651448431068 2338792.0 46
1651448442191 2343705.0 47
1651448453289 2336788.0 48
1651448464370 2332532.0 49
1651448475482 2330133.0 50
1651448486548 2297302.0 51
1651448497657 2325404.0 52
1651448508745 2331801.0 53
1651448519870 2329370.0 54
1651448530981 2327220.0 55
1651448542063 2327469.0 56
1651448553127 2300699.0 57
1651448564232 2304344.0 58
1651448575264 2313883.0 59
1651448586334 2317309.0 60
1651448597418 2337707.0 61
1651448608493 2335658.0 62
1651448619588 2311349.0 63
1651448630672 2316003.0 64
1651448641800 2290992.0 65
1651448652893 2306085.0 66
1651448663957 2341494.0 67
1651448675047 2313357.0 68
1651448686093 2321543.0 69
1651448697238 2299379.0 70
1651448708314 2298570.0 71
1651448719405 2318876.0 72
1651448730508 2319935.0 73
1651448741595 2302605.0 74
1651448752693 2311969.0 75
1651448763727 2310636.0 76
1651448774780 2300992.0 77
1651448785901 2285545.0 78
1651448841921 2336788.0 79
