1651447918697 0.3654143512248993 0
1651447929927 0.2889827787876129 1
1651447941270 0.27647459506988525 2
1651447952528 0.2687736749649048 3
1651447963688 0.26611658930778503 4
1651447974839 0.26258423924446106 5
1651447985961 0.2603340148925781 6
1651447997075 0.25986549258232117 7
1651448008206 0.25792935490608215 8
1651448019369 0.257522314786911 9
1651448030592 0.25572386384010315 10
1651448041786 0.25454655289649963 11
1651448052956 0.2535277307033539 12
1651448064106 0.2532307505607605 13
1651448075263 0.2519332766532898 14
1651448086389 0.2517465651035309 15
1651448097541 0.2503688633441925 16
1651448108700 0.2503770589828491 17
1651448119758 0.24963220953941345 18
1651448130893 0.24948549270629883 19
1651448141998 0.2500884532928467 20
1651448153076 0.2486824244260788 21
1651448164165 0.247408926486969 22
1651448175299 0.24654936790466309 23
1651448186426 0.2458188235759735 24
1651448197582 0.24665987491607666 25
1651448208738 0.24699246883392334 26
1651448219816 0.2452951818704605 27
1651448230900 0.24563346803188324 28
1651448242026 0.24381473660469055 29
1651448253129 0.24442654848098755 30
1651448264221 0.2447298914194107 31
1651448275339 0.2444087266921997 32
1651448286457 0.24300359189510345 33
1651448297549 0.24250425398349762 34
1651448308670 0.24415329098701477 35
1651448319775 0.24249692261219025 36
1651448330902 0.24277639389038086 37
1651448342020 0.24189923703670502 38
1651448353126 0.24278488755226135 39
1651448364240 0.2421923577785492 40
1651448375377 0.2413116991519928 41
1651448386629 0.24165216088294983 42
1651448397761 0.24125464260578156 43
1651448408864 0.24173925817012787 44
1651448419979 0.24160656332969666 45
1651448431068 0.24016627669334412 46
1651448442191 0.24086816608905792 47
1651448453289 0.2407861351966858 48
1651448464370 0.24089336395263672 49
1651448475482 0.2396499514579773 50
1651448486548 0.23914234340190887 51
1651448497657 0.24006329476833344 52
1651448508745 0.24003542959690094 53
1651448519870 0.23992151021957397 54
1651448530981 0.2396681159734726 55
1651448542063 0.24068178236484528 56
1651448553127 0.23891574144363403 57
1651448564232 0.2390274852514267 58
1651448575264 0.2387959510087967 59
1651448586334 0.23865599930286407 60
1651448597418 0.23864510655403137 61
1651448608493 0.23890364170074463 62
1651448619588 0.23836500942707062 63
1651448630672 0.23806937038898468 64
1651448641800 0.2373650223016739 65
1651448652893 0.23785632848739624 66
1651448663957 0.2388082593679428 67
1651448675047 0.2378559410572052 68
1651448686093 0.23792248964309692 69
1651448697238 0.23744571208953857 70
1651448708314 0.23685196042060852 71
1651448719405 0.2375183403491974 72
1651448730508 0.2378244698047638 73
1651448741595 0.2369464784860611 74
1651448752693 0.2364143431186676 75
1651448763727 0.237698495388031 76
1651448774780 0.23769988119602203 77
1651448785901 0.23618943989276886 78
1651448841921 0.2407861351966858 79
