1651447918697 0.8697152733802795 0
1651447929927 0.9032996296882629 1
1651447941270 0.9090368747711182 2
1651447952528 0.9116953611373901 3
1651447963688 0.9132260084152222 4
1651447974839 0.9146590232849121 5
1651447985961 0.9150863885879517 6
1651447997075 0.9158122539520264 7
1651448008206 0.9169448018074036 8
1651448019369 0.9174289703369141 9
1651448030592 0.9175744652748108 10
1651448041786 0.9183167219161987 11
1651448052956 0.9190231561660767 12
1651448064106 0.9189400672912598 13
1651448075263 0.9190369844436646 14
1651448086389 0.9201115369796753 15
1651448097541 0.9202605485916138 16
1651448108700 0.9206592440605164 17
1651448119758 0.9208651185035706 18
1651448130893 0.9211114048957825 19
1651448141998 0.9211815595626831 20
1651448153076 0.9219311475753784 21
1651448164165 0.9217948913574219 22
1651448175299 0.9224057197570801 23
1651448186426 0.9230472445487976 24
1651448197582 0.9223495721817017 25
1651448208738 0.9223734736442566 26
1651448219816 0.9236717224121094 27
1651448230900 0.9231083393096924 28
1651448242026 0.923815906047821 29
1651448253129 0.9235861897468567 30
1651448264221 0.9232907295227051 31
1651448275339 0.9233804941177368 32
1651448286457 0.9246479272842407 33
1651448297549 0.9244892597198486 34
1651448308670 0.9241098165512085 35
1651448319775 0.9244474172592163 36
1651448330902 0.9242790341377258 37
1651448342020 0.9249517321586609 38
1651448353126 0.9239639639854431 39
1651448364240 0.9245008826255798 40
1651448375377 0.9250673055648804 41
1651448386629 0.9248414039611816 42
1651448397761 0.9246826767921448 43
1651448408864 0.9247520565986633 44
1651448419979 0.9238629937171936 45
1651448431068 0.924918532371521 46
1651448442191 0.9247574806213379 47
1651448453289 0.9249809980392456 48
1651448464370 0.9250620603561401 49
1651448475482 0.9251613616943359 50
1651448486548 0.9261001944541931 51
1651448497657 0.925270140171051 52
1651448508745 0.9250991940498352 53
1651448519870 0.9251511693000793 54
1651448530981 0.9252417087554932 55
1651448542063 0.9252262115478516 56
1651448553127 0.9260186553001404 57
1651448564232 0.925902783870697 58
1651448575264 0.9256507158279419 59
1651448586334 0.9255653619766235 60
1651448597418 0.9250071048736572 61
1651448608493 0.9250281453132629 62
1651448619588 0.9257237315177917 63
1651448630672 0.9255993366241455 64
1651448641800 0.9263070821762085 65
1651448652893 0.9259018898010254 66
1651448663957 0.9248702526092529 67
1651448675047 0.9256845712661743 68
1651448686093 0.92542564868927 69
1651448697238 0.9260755777359009 70
1651448708314 0.9261230230331421 71
1651448719405 0.9255467653274536 72
1651448730508 0.9254987835884094 73
1651448741595 0.9259886145591736 74
1651448752693 0.9257710576057434 75
1651448763727 0.9257698655128479 76
1651448774780 0.9260558485984802 77
1651448785901 0.926513671875 78
1651448841921 0.9249809980392456 79
