1651447918697 0.9671363234519958 0
1651447929927 0.9683339595794678 1
1651447941270 0.9681820273399353 2
1651447952528 0.9693616032600403 3
1651447963688 0.9691330194473267 4
1651447974839 0.9692681431770325 5
1651447985961 0.9690161943435669 6
1651447997075 0.9690623879432678 7
1651448008206 0.9687227606773376 8
1651448019369 0.968383252620697 9
1651448030592 0.969012439250946 10
1651448041786 0.9686294198036194 11
1651448052956 0.9679577946662903 12
1651448064106 0.9683809876441956 13
1651448075263 0.9687719345092773 14
1651448086389 0.9684138894081116 15
1651448097541 0.9684123992919922 16
1651448108700 0.9680835604667664 17
1651448119758 0.9685724377632141 18
1651448130893 0.9682257175445557 19
1651448141998 0.9677075743675232 20
1651448153076 0.967574954032898 21
1651448164165 0.9685361385345459 22
1651448175299 0.9681408405303955 23
1651448186426 0.9676927924156189 24
1651448197582 0.9679576754570007 25
1651448208738 0.9680660963058472 26
1651448219816 0.9672468304634094 27
1651448230900 0.9677411317825317 28
1651448242026 0.9675943851470947 29
1651448253129 0.9677661061286926 30
1651448264221 0.9678472280502319 31
1651448275339 0.9676377177238464 32
1651448286457 0.9676017165184021 33
1651448297549 0.9677397608757019 34
1651448308670 0.9672211408615112 35
1651448319775 0.967933714389801 36
1651448330902 0.9680780172348022 37
1651448342020 0.9674421548843384 38
1651448353126 0.9683669209480286 39
1651448364240 0.9676327705383301 40
1651448375377 0.9678282737731934 41
1651448386629 0.9674127101898193 42
1651448397761 0.9680017828941345 43
1651448408864 0.9678329229354858 44
1651448419979 0.9683486819267273 45
1651448431068 0.9683656692504883 46
1651448442191 0.9681533575057983 47
1651448453289 0.9684067964553833 48
1651448464370 0.9677730202674866 49
1651448475482 0.9681645631790161 50
1651448486548 0.9676309823989868 51
1651448497657 0.9677209854125977 52
1651448508745 0.9679884910583496 53
1651448519870 0.9677059054374695 54
1651448530981 0.9680779576301575 55
1651448542063 0.9679641723632812 56
1651448553127 0.9679089188575745 57
1651448564232 0.9678054451942444 58
1651448575264 0.9682522416114807 59
1651448586334 0.96848464012146 60
1651448597418 0.9691519141197205 61
1651448608493 0.9685966372489929 62
1651448619588 0.968219518661499 63
1651448630672 0.9684165120124817 64
1651448641800 0.9678987264633179 65
1651448652893 0.9685230851173401 66
1651448663957 0.9688103795051575 67
1651448675047 0.9685091376304626 68
1651448686093 0.9682915806770325 69
1651448697238 0.9681580662727356 70
1651448708314 0.9684886336326599 71
1651448719405 0.9688781499862671 72
1651448730508 0.9686464667320251 73
1651448741595 0.9682857394218445 74
1651448752693 0.9691463708877563 75
1651448763727 0.9685705900192261 76
1651448774780 0.9685575366020203 77
1651448785901 0.9685273766517639 78
1651448841921 0.9684067964553833 79
