1651447918697 3292376.0 0
1651447929927 4268475.0 1
1651447941270 4470223.0 2
1651447952528 4559229.0 3
1651447963688 4612896.0 4
1651447974839 4661989.0 5
1651447985961 4677409.0 6
1651447997075 4702252.0 7
1651448008206 4742053.0 8
1651448019369 4759553.0 9
1651448030592 4762850.0 10
1651448041786 4789259.0 11
1651448052956 4815141.0 12
1651448064106 4811198.0 13
1651448075263 4813479.0 14
1651448086389 4851033.0 15
1651448097541 4856107.0 16
1651448108700 4870508.0 17
1651448119758 4876251.0 18
1651448130893 4885503.0 19
1651448141998 4889205.0 20
1651448153076 4914953.0 21
1651448164165 4907909.0 22
1651448175299 4929601.0 23
1651448186426 4952417.0 24
1651448197582 4928159.0 25
1651448208738 4928695.0 26
1651448219816 4974600.0 27
1651448230900 4954359.0 28
1651448242026 4978611.0 29
1651448253129 4970436.0 30
1651448264221 4960258.0 31
1651448275339 4963808.0 32
1651448286457 5006633.0 33
1651448297549 5000953.0 34
1651448308670 4989433.0 35
1651448319775 4999073.0 36
1651448330902 4993046.0 37
1651448342020 5017244.0 38
1651448353126 4981711.0 39
1651448364240 5001604.0 40
1651448375377 5020201.0 41
1651448386629 5013602.0 42
1651448397761 5006832.0 43
1651448408864 5009578.0 44
1651448419979 4978348.0 45
1651448431068 5013896.0 46
1651448442191 5008983.0 47
1651448453289 5015900.0 48
1651448464370 5020156.0 49
1651448475482 5022555.0 50
1651448486548 5055386.0 51
1651448497657 5027284.0 52
1651448508745 5020887.0 53
1651448519870 5023318.0 54
1651448530981 5025468.0 55
1651448542063 5025219.0 56
1651448553127 5051989.0 57
1651448564232 5048344.0 58
1651448575264 5038805.0 59
1651448586334 5035379.0 60
1651448597418 5014981.0 61
1651448608493 5017030.0 62
1651448619588 5041339.0 63
1651448630672 5036685.0 64
1651448641800 5061696.0 65
1651448652893 5046603.0 66
1651448663957 5011194.0 67
1651448675047 5039331.0 68
1651448686093 5031145.0 69
1651448697238 5053309.0 70
1651448708314 5054118.0 71
1651448719405 5033812.0 72
1651448730508 5032753.0 73
1651448741595 5050083.0 74
1651448752693 5040719.0 75
1651448763727 5042052.0 76
1651448774780 5051696.0 77
1651448785901 5067143.0 78
1651448841921 5015900.0 79
