1651447918697 31385492.0 0
1651447929927 28810326.0 1
1651447941270 28805804.0 2
1651447952528 28840888.0 3
1651447963688 28834100.0 4
1651447974839 28838116.0 5
1651447985961 28830612.0 6
1651447997075 28832000.0 7
1651448008206 28821886.0 8
1651448019369 28811784.0 9
1651448030592 28830502.0 10
1651448041786 28819112.0 11
1651448052956 28799138.0 12
1651448064106 28811720.0 13
1651448075263 28823356.0 14
1651448086389 28812700.0 15
1651448097541 28812662.0 16
1651448108700 28802872.0 17
1651448119758 28817420.0 18
1651448130893 28807104.0 19
1651448141998 28791688.0 20
1651448153076 28787736.0 21
1651448164165 28816340.0 22
1651448175299 28804572.0 23
1651448186426 28791228.0 24
1651448197582 28799122.0 25
1651448208738 28802352.0 26
1651448219816 28777968.0 27
1651448230900 28792684.0 28
1651448242026 28788314.0 29
1651448253129 28793424.0 30
1651448264221 28795848.0 31
1651448275339 28789602.0 32
1651448286457 28788532.0 33
1651448297549 28792642.0 34
1651448308670 28777212.0 35
1651448319775 28798416.0 36
1651448330902 28802702.0 37
1651448342020 28783792.0 38
1651448353126 28811306.0 39
1651448364240 28789454.0 40
1651448375377 28795276.0 41
1651448386629 28782912.0 42
1651448397761 28800444.0 43
1651448408864 28795414.0 44
1651448419979 28810756.0 45
1651448431068 28811264.0 46
1651448442191 28804952.0 47
1651448453289 28812488.0 48
1651448464370 28793640.0 49
1651448475482 28805280.0 50
1651448486548 28789412.0 51
1651448497657 28792076.0 52
1651448508745 28800052.0 53
1651448519870 28791636.0 54
1651448530981 28802696.0 55
1651448542063 28799320.0 56
1651448553127 28797676.0 57
1651448564232 28794596.0 58
1651448575264 28807890.0 59
1651448586334 28814808.0 60
1651448597418 28834658.0 61
1651448608493 28818144.0 62
1651448619588 28806912.0 63
1651448630672 28812786.0 64
1651448641800 28797368.0 65
1651448652893 28815940.0 66
1651448663957 28824506.0 67
1651448675047 28815528.0 68
1651448686093 28809060.0 69
1651448697238 28805080.0 70
1651448708314 28814918.0 71
1651448719405 28826516.0 72
1651448730508 28819628.0 73
1651448741595 28808888.0 74
1651448752693 28834488.0 75
1651448763727 28817358.0 76
1651448774780 28816974.0 77
1651448785901 28816080.0 78
1651448841921 28812488.0 79
