1651504719497 0.8178978562355042 0
1651504722123 0.8034151792526245 1
1651504724863 0.8036407828330994 2
1651504727609 0.8036491870880127 3
1651504730366 0.8036501407623291 4
1651504733119 0.8036501407623291 5
1651504735746 0.8036501407623291 6
1651504738495 0.8036501407623291 7
1651504741122 0.8036501407623291 8
1651504743764 0.8036501407623291 9
1651504746405 0.8036501407623291 10
1651504749151 0.8036501407623291 11
1651504751899 0.8036501407623291 12
1651504754519 0.8036501407623291 13
1651504757266 0.8036501407623291 14
1651504759879 0.8036501407623291 15
1651504762495 0.8036501407623291 16
1651504765259 0.8036501407623291 17
1651504767861 0.8036501407623291 18
1651504770502 0.8036501407623291 19
1651504773114 0.8036501407623291 20
1651504775849 0.8036501407623291 21
1651504778464 0.8036501407623291 22
1651504781194 0.8036501407623291 23
1651504783930 0.8036501407623291 24
1651504786545 0.8036501407623291 25
1651504789283 0.8036501407623291 26
1651504792013 0.8036501407623291 27
1651504794636 0.8036501407623291 28
1651504797255 0.8036501407623291 29
1651504800029 0.8036501407623291 30
1651504871318 0.8178978562355042 31
