1651504719497 0.7540320158004761 0
1651504722123 0.5564819574356079 1
1651504724863 0.6024163961410522 2
1651504727609 0.6576447486877441 3
1651504730366 0.6912926435470581 4
1651504733119 0.7063086032867432 5
1651504735746 0.7218918204307556 6
1651504738495 0.7330784797668457 7
1651504741122 0.7436085939407349 8
1651504743764 0.7566335201263428 9
1651504746405 0.7743822336196899 10
1651504749151 0.7907606959342957 11
1651504751899 0.8043874502182007 12
1651504754519 0.8101874589920044 13
1651504757266 0.8224486112594604 14
1651504759879 0.8261976838111877 15
1651504762495 0.8283659815788269 16
1651504765259 0.8293799161911011 17
1651504767861 0.8298398852348328 18
1651504770502 0.8283966183662415 19
1651504773114 0.834186315536499 20
1651504775849 0.8392824530601501 21
1651504778464 0.8408390879631042 22
1651504781194 0.840709388256073 23
1651504783930 0.8415904641151428 24
1651504786545 0.8442930579185486 25
1651504789283 0.8493861556053162 26
1651504792013 0.8507630228996277 27
1651504794636 0.8547964096069336 28
1651504797255 0.854136049747467 29
1651504800029 0.8573508858680725 30
1651504871318 0.7540320158004761 31
