1651504719497 1190851.0 0
1651504722123 1213805.0 1
1651504724863 1214194.0 2
1651504727609 1214214.0 3
1651504730366 1214215.0 4
1651504733119 1214215.0 5
1651504735746 1214215.0 6
1651504738495 1214215.0 7
1651504741122 1214215.0 8
1651504743764 1214215.0 9
1651504746405 1214215.0 10
1651504749151 1214215.0 11
1651504751899 1214215.0 12
1651504754519 1214215.0 13
1651504757266 1214215.0 14
1651504759879 1214215.0 15
1651504762495 1214215.0 16
1651504765259 1214215.0 17
1651504767861 1214215.0 18
1651504770502 1214215.0 19
1651504773114 1214215.0 20
1651504775849 1214215.0 21
1651504778464 1214215.0 22
1651504781194 1214215.0 23
1651504783930 1214215.0 24
1651504786545 1214215.0 25
1651504789283 1214215.0 26
1651504792013 1214215.0 27
1651504794636 1214215.0 28
1651504797255 1214215.0 29
1651504800029 1214215.0 30
1651504871318 1190851.0 31
