1651504719497 0.6501323580741882 0
1651504722123 0.5603589415550232 1
1651504724863 0.5037067532539368 2
1651504727609 0.47505441308021545 3
1651504730366 0.460860013961792 4
1651504733119 0.4532429277896881 5
1651504735746 0.44499409198760986 6
1651504738495 0.43930742144584656 7
1651504741122 0.4343133270740509 8
1651504743764 0.4280565083026886 9
1651504746405 0.41937190294265747 10
1651504749151 0.4103102385997772 11
1651504751899 0.4000294506549835 12
1651504754519 0.39614737033843994 13
1651504757266 0.3860289752483368 14
1651504759879 0.38287317752838135 15
1651504762495 0.3809581696987152 16
1651504765259 0.3802672028541565 17
1651504767861 0.3807283639907837 18
1651504770502 0.38108187913894653 19
1651504773114 0.376138836145401 20
1651504775849 0.37187933921813965 21
1651504778464 0.37022778391838074 22
1651504781194 0.37119534611701965 23
1651504783930 0.3710925281047821 24
1651504786545 0.36870190501213074 25
1651504789283 0.3627132475376129 26
1651504792013 0.3617190718650818 27
1651504794636 0.35850730538368225 28
1651504797255 0.3584190011024475 29
1651504800029 0.355968713760376 30
1651504871318 0.6501323580741882 31
