1651504719497 0.9293320775032043 0
1651504722123 0.9996251463890076 1
1651504724863 0.999984085559845 2
1651504727609 0.9999985694885254 3
1651504730366 1.0 4
1651504733119 1.0 5
1651504735746 1.0 6
1651504738495 1.0 7
1651504741122 1.0 8
1651504743764 1.0 9
1651504746405 1.0 10
1651504749151 1.0 11
1651504751899 1.0 12
1651504754519 1.0 13
1651504757266 1.0 14
1651504759879 1.0 15
1651504762495 1.0 16
1651504765259 1.0 17
1651504767861 1.0 18
1651504770502 1.0 19
1651504773114 1.0 20
1651504775849 1.0 21
1651504778464 1.0 22
1651504781194 1.0 23
1651504783930 1.0 24
1651504786545 1.0 25
1651504789283 1.0 26
1651504792013 1.0 27
1651504794636 1.0 28
1651504797255 1.0 29
1651504800029 1.0 30
1651504871318 0.9293320775032043 31
