1651504719497 664647.0 0
1651504722123 410.0 1
1651504724863 21.0 2
1651504727609 1.0 3
1651504730366 0.0 4
1651504733119 0.0 5
1651504735746 0.0 6
1651504738495 0.0 7
1651504741122 0.0 8
1651504743764 0.0 9
1651504746405 0.0 10
1651504749151 0.0 11
1651504751899 0.0 12
1651504754519 0.0 13
1651504757266 0.0 14
1651504759879 0.0 15
1651504762495 0.0 16
1651504765259 0.0 17
1651504767861 0.0 18
1651504770502 0.0 19
1651504773114 0.0 20
1651504775849 0.0 21
1651504778464 0.0 22
1651504781194 0.0 23
1651504783930 0.0 24
1651504786545 0.0 25
1651504789283 0.0 26
1651504792013 0.0 27
1651504794636 0.0 28
1651504797255 0.0 29
1651504800029 0.0 30
1651504871318 664647.0 31
