1651504719497 7113470.0 0
1651504722123 4967858.0 1
1651504724863 4969642.0 2
1651504727609 4969714.0 3
1651504730366 4969721.0 4
1651504733119 4969721.0 5
1651504735746 4969721.0 6
1651504738495 4969721.0 7
1651504741122 4969721.0 8
1651504743764 4969721.0 9
1651504746405 4969721.0 10
1651504749151 4969721.0 11
1651504751899 4969721.0 12
1651504754519 4969721.0 13
1651504757266 4969721.0 14
1651504759879 4969721.0 15
1651504762495 4969721.0 16
1651504765259 4969721.0 17
1651504767861 4969721.0 18
1651504770502 4969721.0 19
1651504773114 4969721.0 20
1651504775849 4969721.0 21
1651504778464 4969721.0 22
1651504781194 4969721.0 23
1651504783930 4969721.0 24
1651504786545 4969721.0 25
1651504789283 4969721.0 26
1651504792013 4969721.0 27
1651504794636 4969721.0 28
1651504797255 4969721.0 29
1651504800029 4969721.0 30
1651504871318 7113470.0 31
