1651448864494 0.8109475374221802 0
1651448875758 0.8018416166305542 1
1651448887128 0.8018417358398438 2
1651448898465 0.8081168532371521 3
1651448909696 0.8119254112243652 4
1651448920823 0.8141051530838013 5
1651448931948 0.8152315616607666 6
1651448943074 0.8159732222557068 7
1651448954278 0.8171610236167908 8
1651448965477 0.8167049884796143 9
1651448976654 0.8177143931388855 10
1651448987808 0.8177275061607361 11
1651448998960 0.818151593208313 12
1651449010054 0.8186893463134766 13
1651449021179 0.8193455934524536 14
1651449032194 0.8194584846496582 15
1651449043331 0.8194714784622192 16
1651449054454 0.8199358582496643 17
1651449065595 0.8201591372489929 18
1651449076738 0.8201572895050049 19
1651449087933 0.8212450742721558 20
1651449099064 0.8203790187835693 21
1651449110145 0.8206143975257874 22
1651449121230 0.8210866451263428 23
1651449132306 0.8212640285491943 24
1651449143330 0.8214078545570374 25
1651449154419 0.8219860196113586 26
1651449165485 0.8215782046318054 27
1651449176560 0.8213952779769897 28
1651449187604 0.8218985199928284 29
1651449198641 0.8229429721832275 30
1651449209700 0.8225553035736084 31
1651449220767 0.8221790194511414 32
1651449231796 0.8228607177734375 33
1651449242835 0.8226179480552673 34
1651449253908 0.8230735063552856 35
1651449264986 0.8224875926971436 36
1651449276101 0.8229736089706421 37
1651449287148 0.8243136405944824 38
1651449298164 0.8236307501792908 39
1651449309234 0.823651134967804 40
1651449320300 0.8229525685310364 41
1651449331400 0.8238838911056519 42
1651449342495 0.82444828748703 43
1651449353542 0.8235962390899658 44
1651449364619 0.8238093256950378 45
1651449375645 0.8242229223251343 46
1651449386712 0.8243168592453003 47
1651449397767 0.8239128589630127 48
1651449408863 0.8246081471443176 49
1651449419947 0.8242226839065552 50
1651449431035 0.8249302506446838 51
1651449442090 0.8251168131828308 52
1651449453205 0.8245756030082703 53
1651449464285 0.8253419995307922 54
1651449475395 0.8250817656517029 55
1651449486455 0.824926495552063 56
1651449497521 0.8253570795059204 57
1651449508604 0.8254902362823486 58
1651449519670 0.8250536322593689 59
1651449530733 0.824250340461731 60
1651449541754 0.8261104822158813 61
1651449552807 0.8259925246238708 62
1651449563915 0.8257903456687927 63
1651449575004 0.825916588306427 64
1651449586077 0.8255344033241272 65
1651449597136 0.8256329894065857 66
1651449608192 0.826199471950531 67
1651449619227 0.8259198069572449 68
1651449630316 0.8265388011932373 69
1651449641388 0.825905442237854 70
1651449652399 0.8263948559761047 71
1651449663443 0.8264954686164856 72
1651449674662 0.8261334896087646 73
1651449685764 0.8263511657714844 74
1651449696833 0.8263394832611084 75
1651449707943 0.8258883357048035 76
1651449719090 0.8253985047340393 77
1651449730192 0.8270012140274048 78
1651449741295 0.8269287347793579 79
1651449752373 0.8266883492469788 80
1651449768548 0.8242226839065552 81
