1651448864494 0.7517731189727783 0
1651448875758 0.7934449315071106 1
1651448887128 0.8041473031044006 2
1651448898465 0.8106863498687744 3
1651448909696 0.8160398602485657 4
1651448920823 0.8204110860824585 5
1651448931948 0.8247498869895935 6
1651448943074 0.8242400288581848 7
1651448954278 0.8276636004447937 8
1651448965477 0.8287983536720276 9
1651448976654 0.8297852873802185 10
1651448987808 0.8309925198554993 11
1651448998960 0.8330700397491455 12
1651449010054 0.833035945892334 13
1651449021179 0.8345389366149902 14
1651449032194 0.8353214263916016 15
1651449043331 0.8352963328361511 16
1651449054454 0.8367055058479309 17
1651449065595 0.836567223072052 18
1651449076738 0.8372111916542053 19
1651449087933 0.8382578492164612 20
1651449099064 0.8384165167808533 21
1651449110145 0.8387218117713928 22
1651449121230 0.8399916291236877 23
1651449132306 0.8403580188751221 24
1651449143330 0.840528130531311 25
1651449154419 0.84075528383255 26
1651449165485 0.8409470915794373 27
1651449176560 0.8412675857543945 28
1651449187604 0.8424062728881836 29
1651449198641 0.8428798913955688 30
1651449209700 0.8424416780471802 31
1651449220767 0.8422120809555054 32
1651449231796 0.8426164388656616 33
1651449242835 0.8425682187080383 34
1651449253908 0.8441446423530579 35
1651449264986 0.8438855409622192 36
1651449276101 0.8435047268867493 37
1651449287148 0.8455178737640381 38
1651449298164 0.845521867275238 39
1651449309234 0.844965398311615 40
1651449320300 0.844468355178833 41
1651449331400 0.8464257121086121 42
1651449342495 0.8468022346496582 43
1651449353542 0.8453142046928406 44
1651449364619 0.8466895222663879 45
1651449375645 0.8468849658966064 46
1651449386712 0.8464125990867615 47
1651449397767 0.8462108969688416 48
1651449408863 0.8472881317138672 49
1651449419947 0.8465697765350342 50
1651449431035 0.8472428917884827 51
1651449442090 0.8473300933837891 52
1651449453205 0.8470066785812378 53
1651449464285 0.8482182621955872 54
1651449475395 0.8487688899040222 55
1651449486455 0.8469493985176086 56
1651449497521 0.8487653732299805 57
1651449508604 0.8487184047698975 58
1651449519670 0.8482128977775574 59
1651449530733 0.8472086191177368 60
1651449541754 0.8486191630363464 61
1651449552807 0.8496479988098145 62
1651449563915 0.8494572639465332 63
1651449575004 0.8498029112815857 64
1651449586077 0.8492231369018555 65
1651449597136 0.8497676849365234 66
1651449608192 0.8501220941543579 67
1651449619227 0.8500568270683289 68
1651449630316 0.8505697846412659 69
1651449641388 0.8494529724121094 70
1651449652399 0.8508740067481995 71
1651449663443 0.8504952192306519 72
1651449674662 0.8500280976295471 73
1651449685764 0.8506117463111877 74
1651449696833 0.8507152199745178 75
1651449707943 0.8496838808059692 76
1651449719090 0.8493055105209351 77
1651449730192 0.8507149815559387 78
1651449741295 0.8515681028366089 79
1651449752373 0.8516626358032227 80
1651449768548 0.8465697765350342 81
