1651448864494 138696.0 0
1651448875758 0.0 1
1651448887128 0.0 2
1651448898465 445135.0 3
1651448909696 783089.0 4
1651448920823 869044.0 5
1651448931948 1163895.0 6
1651448943074 1339920.0 7
1651448954278 1336365.0 8
1651448965477 1463893.0 9
1651448976654 1511886.0 10
1651448987808 1521536.0 11
1651448998960 1475012.0 12
1651449010054 1416751.0 13
1651449021179 1322082.0 14
1651449032194 1395317.0 15
1651449043331 1315865.0 16
1651449054454 1295353.0 17
1651449065595 1352932.0 18
1651449076738 1426243.0 19
1651449087933 1393628.0 20
1651449099064 1315051.0 21
1651449110145 1330378.0 22
1651449121230 1322555.0 23
1651449132306 1320701.0 24
1651449143330 1324710.0 25
1651449154419 1335420.0 26
1651449165485 1319012.0 27
1651449176560 1305429.0 28
1651449187604 1324676.0 29
1651449198641 1399651.0 30
1651449209700 1463072.0 31
1651449220767 1386377.0 32
1651449231796 1385174.0 33
1651449242835 1437360.0 34
1651449253908 1419671.0 35
1651449264986 1381814.0 36
1651449276101 1409188.0 37
1651449287148 1460383.0 38
1651449298164 1451003.0 39
1651449309234 1454385.0 40
1651449320300 1492085.0 41
1651449331400 1480347.0 42
1651449342495 1483329.0 43
1651449353542 1501084.0 44
1651449364619 1535990.0 45
1651449375645 1553301.0 46
1651449386712 1513356.0 47
1651449397767 1500698.0 48
1651449408863 1584385.0 49
1651449419947 1557854.0 50
1651449431035 1574053.0 51
1651449442090 1543707.0 52
1651449453205 1541705.0 53
1651449464285 1547818.0 54
1651449475395 1579709.0 55
1651449486455 1552591.0 56
1651449497521 1570076.0 57
1651449508604 1606239.0 58
1651449519670 1608643.0 59
1651449530733 1528845.0 60
1651449541754 1541360.0 61
1651449552807 1594252.0 62
1651449563915 1596615.0 63
1651449575004 1562264.0 64
1651449586077 1584120.0 65
1651449597136 1672100.0 66
1651449608192 1644044.0 67
1651449619227 1635956.0 68
1651449630316 1618967.0 69
1651449641388 1582456.0 70
1651449652399 1619965.0 71
1651449663443 1606177.0 72
1651449674662 1598555.0 73
1651449685764 1638942.0 74
1651449696833 1654948.0 75
1651449707943 1622433.0 76
1651449719090 1583913.0 77
1651449730192 1629096.0 78
1651449741295 1708205.0 79
1651449752373 1665303.0 80
1651449768548 1557854.0 81
