1651448864494 7507710.0 0
1651448875758 7352688.0 1
1651448887128 7352688.0 2
1651448898465 6674723.0 3
1651448909696 6195441.0 4
1651448920823 6028613.0 5
1651448931948 5691960.0 6
1651448943074 5488427.0 7
1651448954278 5447905.0 8
1651448965477 5337292.0 9
1651448976654 5251850.0 10
1651448987808 5241716.0 11
1651448998960 5272488.0 12
1651449010054 5310804.0 13
1651449021179 5381124.0 14
1651449032194 5303692.0 15
1651449043331 5382678.0 16
1651449054454 5385964.0 17
1651449065595 5320091.0 18
1651449076738 5246850.0 19
1651449087933 5239105.0 20
1651449099064 5349813.0 21
1651449110145 5325749.0 22
1651449121230 5316055.0 23
1651449132306 5311322.0 24
1651449143330 5301983.0 25
1651449154419 5269828.0 26
1651449165485 5301358.0 27
1651449176560 5321721.0 28
1651449187604 5283813.0 29
1651449198641 5170071.0 30
1651449209700 5121036.0 31
1651449220767 5211698.0 32
1651449231796 5187599.0 33
1651449242835 5144430.0 34
1651449253908 5145222.0 35
1651449264986 5204814.0 36
1651449276101 5159394.0 37
1651449287148 5058479.0 38
1651449298164 5093199.0 39
1651449309234 5089069.0 40
1651449320300 5077298.0 41
1651449331400 5054463.0 42
1651449342495 5030544.0 43
1651449353542 5044403.0 44
1651449364619 5001603.0 45
1651449375645 4968934.0 46
1651449386712 5005398.0 47
1651449397767 5033037.0 48
1651449408863 4923564.0 49
1651449419947 4964390.0 50
1651449431035 4921940.0 51
1651449442090 4945364.0 52
1651449453205 4967446.0 53
1651449464285 4932886.0 54
1651449475395 4910651.0 55
1651449486455 4943541.0 56
1651449497521 4910075.0 57
1651449508604 4868968.0 58
1651449519670 4882769.0 59
1651449530733 4992365.0 60
1651449541754 4910829.0 61
1651449552807 4862326.0 62
1651449563915 4867466.0 63
1651449575004 4897124.0 64
1651449586077 4889446.0 65
1651449597136 4797814.0 66
1651449608192 4804848.0 67
1651449619227 4823303.0 68
1651449630316 4817336.0 69
1651449641388 4877358.0 70
1651449652399 4821676.0 71
1651449663443 4831736.0 72
1651449674662 4852779.0 73
1651449685764 4804328.0 74
1651449696833 4788764.0 75
1651449707943 4838002.0 76
1651449719090 4894685.0 77
1651449730192 4790042.0 78
1651449741295 4713640.0 79
1651449752373 4765454.0 80
1651449768548 4964390.0 81
