1651448864494 0.44762882590293884 0
1651448875758 0.4072709381580353 1
1651448887128 0.3997995853424072 2
1651448898465 0.3947737514972687 3
1651448909696 0.3908085525035858 4
1651448920823 0.3873983323574066 5
1651448931948 0.38380858302116394 6
1651448943074 0.3843412399291992 7
1651448954278 0.38146448135375977 8
1651448965477 0.38021111488342285 9
1651448976654 0.379393607378006 10
1651448987808 0.3777218461036682 11
1651448998960 0.3759170174598694 12
1651449010054 0.3757340610027313 13
1651449021179 0.37443578243255615 14
1651449032194 0.3737584352493286 15
1651449043331 0.37386879324913025 16
1651449054454 0.37255388498306274 17
1651449065595 0.37275010347366333 18
1651449076738 0.37221434712409973 19
1651449087933 0.3711276948451996 20
1651449099064 0.3709612786769867 21
1651449110145 0.3707733452320099 22
1651449121230 0.36957627534866333 23
1651449132306 0.3692874610424042 24
1651449143330 0.36917221546173096 25
1651449154419 0.36877110600471497 26
1651449165485 0.36865779757499695 27
1651449176560 0.3683944642543793 28
1651449187604 0.3672729730606079 29
1651449198641 0.36694976687431335 30
1651449209700 0.36734265089035034 31
1651449220767 0.3674418032169342 32
1651449231796 0.36719828844070435 33
1651449242835 0.36725538969039917 34
1651449253908 0.3658973276615143 35
1651449264986 0.3658885955810547 36
1651449276101 0.3664395213127136 37
1651449287148 0.36448824405670166 38
1651449298164 0.3644813597202301 39
1651449309234 0.3651731610298157 40
1651449320300 0.36548516154289246 41
1651449331400 0.36354878544807434 42
1651449342495 0.36334875226020813 43
1651449353542 0.36476612091064453 44
1651449364619 0.3633893132209778 45
1651449375645 0.3632766604423523 46
1651449386712 0.36372849345207214 47
1651449397767 0.36389631032943726 48
1651449408863 0.36282795667648315 49
1651449419947 0.36358991265296936 50
1651449431035 0.362801730632782 51
1651449442090 0.36274152994155884 52
1651449453205 0.36319199204444885 53
1651449464285 0.36200466752052307 54
1651449475395 0.3614876866340637 55
1651449486455 0.3632272779941559 56
1651449497521 0.3614537715911865 57
1651449508604 0.3615092933177948 58
1651449519670 0.3618968725204468 59
1651449530733 0.3629598617553711 60
1651449541754 0.3615882098674774 61
1651449552807 0.3606492877006531 62
1651449563915 0.36070895195007324 63
1651449575004 0.3604450523853302 64
1651449586077 0.36100438237190247 65
1651449597136 0.36055469512939453 66
1651449608192 0.3602067828178406 67
1651449619227 0.360166996717453 68
1651449630316 0.35975122451782227 69
1651449641388 0.3607751727104187 70
1651449652399 0.3593185842037201 71
1651449663443 0.3598286211490631 72
1651449674662 0.360263466835022 73
1651449685764 0.35984084010124207 74
1651449696833 0.35967394709587097 75
1651449707943 0.3605070412158966 76
1651449719090 0.36093398928642273 77
1651449730192 0.35967081785202026 78
1651449741295 0.35879769921302795 79
1651449752373 0.3587445020675659 80
1651449768548 0.36358991265296936 81
