1651448864494 0.8114635348320007 0
1651448875758 0.8018417954444885 1
1651448887128 0.8018418550491333 2
1651448898465 0.8144985437393188 3
1651448909696 0.8238170146942139 4
1651448920823 0.8273199796676636 5
1651448931948 0.8339594602584839 6
1651448943074 0.8381041288375854 7
1651448954278 0.8391240239143372 8
1651448965477 0.8412741422653198 9
1651448976654 0.8431929349899292 10
1651448987808 0.8434029817581177 11
1651448998960 0.8428465723991394 12
1651449010054 0.842158854007721 13
1651449021179 0.8408493399620056 14
1651449032194 0.8424373269081116 15
1651449043331 0.8408399224281311 16
1651449054454 0.8408547639846802 17
1651449065595 0.8422256708145142 18
1651449076738 0.8437185287475586 19
1651449087933 0.8440647125244141 20
1651449099064 0.8416616916656494 21
1651449110145 0.8421899676322937 22
1651449121230 0.8424684405326843 23
1651449132306 0.8425951600074768 24
1651449143330 0.842809796333313 25
1651449154419 0.8435643315315247 26
1651449165485 0.8428520560264587 27
1651449176560 0.8424069881439209 28
1651449187604 0.8432642817497253 29
1651449198641 0.8457748889923096 30
1651449209700 0.8467234373092651 31
1651449220767 0.8447872400283813 32
1651449231796 0.8453995585441589 33
1651449242835 0.8462492227554321 34
1651449253908 0.8463104367256165 35
1651449264986 0.8449815511703491 36
1651449276101 0.8460004925727844 37
1651449287148 0.8483240008354187 38
1651449298164 0.8474846482276917 39
1651449309234 0.8475740551948547 40
1651449320300 0.8477008938789368 41
1651449331400 0.848335325717926 42
1651449342495 0.8489311933517456 43
1651449353542 0.848497211933136 44
1651449364619 0.8494312763214111 45
1651449375645 0.8501893877983093 46
1651449386712 0.84943687915802 47
1651449397767 0.8487887382507324 48
1651449408863 0.8512142300605774 49
1651449419947 0.8502852916717529 50
1651449431035 0.8513025045394897 51
1651449442090 0.8508371114730835 52
1651449453205 0.8502798080444336 53
1651449464285 0.8511389493942261 54
1651449475395 0.8515675663948059 55
1651449486455 0.8508439064025879 56
1651449497521 0.8516255021095276 57
1651449508604 0.8525233864784241 58
1651449519670 0.852156400680542 59
1651449530733 0.8496999740600586 60
1651449541754 0.8517348766326904 61
1651449552807 0.8527483940124512 62
1651449563915 0.8526051640510559 63
1651449575004 0.851993978023529 64
1651449586077 0.8520939946174622 65
1651449597136 0.8540729880332947 66
1651449608192 0.8540148735046387 67
1651449619227 0.8535722494125366 68
1651449630316 0.8538023233413696 69
1651449641388 0.8524131178855896 70
1651449652399 0.8536854386329651 71
1651449663443 0.853486180305481 72
1651449674662 0.8529759049415588 73
1651449685764 0.8540509939193726 74
1651449696833 0.8543841242790222 75
1651449707943 0.8532516360282898 76
1651449719090 0.8519599437713623 77
1651449730192 0.8544653058052063 78
1651449741295 0.8561067581176758 79
1651449752373 0.8549444675445557 80
1651449768548 0.8502852916717529 81
