1651448864494 0.9957261085510254 0
1651448875758 1.0 1
1651448887128 1.0 2
1651448898465 0.9850387573242188 3
1651448909696 0.9736799001693726 4
1651448920823 0.9707908630371094 5
1651448931948 0.960880696773529 6
1651448943074 0.9549643993377686 7
1651448954278 0.9550839066505432 8
1651448965477 0.9507976174354553 9
1651448976654 0.9491845369338989 10
1651448987808 0.9488601684570312 11
1651448998960 0.9504238963127136 12
1651449010054 0.9523820877075195 13
1651449021179 0.9555639624595642 14
1651449032194 0.9531024098396301 15
1651449043331 0.955772876739502 16
1651449054454 0.9564623832702637 17
1651449065595 0.9545270800590515 18
1651449076738 0.9520630836486816 19
1651449087933 0.9531592726707458 20
1651449099064 0.9558002352714539 21
1651449110145 0.9552851319313049 22
1651449121230 0.955548107624054 23
1651449132306 0.9556103944778442 24
1651449143330 0.9554756283760071 25
1651449154419 0.9551156759262085 26
1651449165485 0.9556671380996704 27
1651449176560 0.9561237096786499 28
1651449187604 0.9554767608642578 29
1651449198641 0.9529567956924438 30
1651449209700 0.9508252143859863 31
1651449220767 0.9534029960632324 32
1651449231796 0.9534434080123901 33
1651449242835 0.9516893625259399 34
1651449253908 0.9522839188575745 35
1651449264986 0.9535562992095947 36
1651449276101 0.9526362419128418 37
1651449287148 0.950915515422821 38
1651449298164 0.9512308239936829 39
1651449309234 0.951117217540741 40
1651449320300 0.9498500823974609 41
1651449331400 0.9502445459365845 42
1651449342495 0.9501442909240723 43
1651449353542 0.9495475888252258 44
1651449364619 0.948374330997467 45
1651449375645 0.9477925300598145 46
1651449386712 0.9491351246833801 47
1651449397767 0.9495605230331421 48
1651449408863 0.9467477202415466 49
1651449419947 0.9476394653320312 50
1651449431035 0.9470950961112976 51
1651449442090 0.9481149315834045 52
1651449453205 0.9481822848320007 53
1651449464285 0.94797682762146 54
1651449475395 0.9469049572944641 55
1651449486455 0.9478164315223694 56
1651449497521 0.9472286701202393 57
1651449508604 0.9460132122039795 58
1651449519670 0.9459324479103088 59
1651449530733 0.9486145377159119 60
1651449541754 0.9481938481330872 61
1651449552807 0.9464161396026611 62
1651449563915 0.9463367462158203 63
1651449575004 0.9474912881851196 64
1651449586077 0.9467566609382629 65
1651449597136 0.943799614906311 66
1651449608192 0.9447425603866577 67
1651449619227 0.9450144171714783 68
1651449630316 0.9455854892730713 69
1651449641388 0.9468125700950623 70
1651449652399 0.9455519318580627 71
1651449663443 0.9460153579711914 72
1651449674662 0.946271538734436 73
1651449685764 0.9449141025543213 74
1651449696833 0.9443761110305786 75
1651449707943 0.9454689621925354 76
1651449719090 0.9467636942863464 77
1651449730192 0.9452449679374695 78
1651449741295 0.9425860643386841 79
1651449752373 0.9440280199050903 80
1651449768548 0.9476394653320312 81
