1651448864494 486261.0 0
1651448875758 0.0 1
1651448887128 0.0 2
1651448898465 677965.0 3
1651448909696 1157247.0 4
1651448920823 1324075.0 5
1651448931948 1660728.0 6
1651448943074 1864261.0 7
1651448954278 1904783.0 8
1651448965477 2015396.0 9
1651448976654 2100838.0 10
1651448987808 2110972.0 11
1651448998960 2080200.0 12
1651449010054 2041884.0 13
1651449021179 1971564.0 14
1651449032194 2048996.0 15
1651449043331 1970010.0 16
1651449054454 1966724.0 17
1651449065595 2032597.0 18
1651449076738 2105838.0 19
1651449087933 2113583.0 20
1651449099064 2002875.0 21
1651449110145 2026939.0 22
1651449121230 2036633.0 23
1651449132306 2041366.0 24
1651449143330 2050705.0 25
1651449154419 2082860.0 26
1651449165485 2051330.0 27
1651449176560 2030967.0 28
1651449187604 2068875.0 29
1651449198641 2182617.0 30
1651449209700 2231652.0 31
1651449220767 2140990.0 32
1651449231796 2165089.0 33
1651449242835 2208258.0 34
1651449253908 2207466.0 35
1651449264986 2147874.0 36
1651449276101 2193294.0 37
1651449287148 2294209.0 38
1651449298164 2259489.0 39
1651449309234 2263619.0 40
1651449320300 2275390.0 41
1651449331400 2298225.0 42
1651449342495 2322144.0 43
1651449353542 2308285.0 44
1651449364619 2351085.0 45
1651449375645 2383754.0 46
1651449386712 2347290.0 47
1651449397767 2319651.0 48
1651449408863 2429124.0 49
1651449419947 2388298.0 50
1651449431035 2430748.0 51
1651449442090 2407324.0 52
1651449453205 2385242.0 53
1651449464285 2419802.0 54
1651449475395 2442037.0 55
1651449486455 2409147.0 56
1651449497521 2442613.0 57
1651449508604 2483720.0 58
1651449519670 2469919.0 59
1651449530733 2360323.0 60
1651449541754 2441859.0 61
1651449552807 2490362.0 62
1651449563915 2485222.0 63
1651449575004 2455564.0 64
1651449586077 2463242.0 65
1651449597136 2554874.0 66
1651449608192 2547840.0 67
1651449619227 2529385.0 68
1651449630316 2535352.0 69
1651449641388 2475330.0 70
1651449652399 2531012.0 71
1651449663443 2520952.0 72
1651449674662 2499909.0 73
1651449685764 2548360.0 74
1651449696833 2563924.0 75
1651449707943 2514686.0 76
1651449719090 2458003.0 77
1651449730192 2562646.0 78
1651449741295 2639048.0 79
1651449752373 2587234.0 80
1651449768548 2388298.0 81
