1651448864494 32313284.0 0
1651448875758 29752456.0 1
1651448887128 29752460.0 2
1651448898465 29307322.0 3
1651448909696 28969364.0 4
1651448920823 28883424.0 5
1651448931948 28588580.0 6
1651448943074 28412548.0 7
1651448954278 28416100.0 8
1651448965477 28288564.0 9
1651448976654 28240584.0 10
1651448987808 28230930.0 11
1651448998960 28277452.0 12
1651449010054 28335722.0 13
1651449021179 28430384.0 14
1651449032194 28357142.0 15
1651449043331 28436594.0 16
1651449054454 28457112.0 17
1651449065595 28399544.0 18
1651449076738 28326222.0 19
1651449087933 28358842.0 20
1651449099064 28437412.0 21
1651449110145 28422088.0 22
1651449121230 28429910.0 23
1651449132306 28431756.0 24
1651449143330 28427756.0 25
1651449154419 28417048.0 26
1651449165485 28433452.0 27
1651449176560 28447040.0 28
1651449187604 28427792.0 29
1651449198641 28352806.0 30
1651449209700 28289400.0 31
1651449220767 28366084.0 32
1651449231796 28367288.0 33
1651449242835 28315104.0 34
1651449253908 28332800.0 35
1651449264986 28370648.0 36
1651449276101 28343272.0 37
1651449287148 28292080.0 38
1651449298164 28301472.0 39
1651449309234 28298084.0 40
1651449320300 28260380.0 41
1651449331400 28272112.0 42
1651449342495 28269138.0 43
1651449353542 28251376.0 44
1651449364619 28216462.0 45
1651449375645 28199164.0 46
1651449386712 28239112.0 47
1651449397767 28251760.0 48
1651449408863 28168074.0 49
1651449419947 28194606.0 50
1651449431035 28178412.0 51
1651449442090 28208756.0 52
1651449453205 28210752.0 53
1651449464285 28204640.0 54
1651449475395 28172760.0 55
1651449486455 28199866.0 56
1651449497521 28182376.0 57
1651449508604 28146220.0 58
1651449519670 28143818.0 59
1651449530733 28223620.0 60
1651449541754 28211108.0 61
1651449552807 28158210.0 62
1651449563915 28155850.0 63
1651449575004 28190204.0 64
1651449586077 28168350.0 65
1651449597136 28080360.0 66
1651449608192 28108418.0 67
1651449619227 28116502.0 68
1651449630316 28133498.0 69
1651449641388 28170004.0 70
1651449652399 28132500.0 71
1651449663443 28146288.0 72
1651449674662 28153906.0 73
1651449685764 28113528.0 74
1651449696833 28097512.0 75
1651449707943 28130016.0 76
1651449719090 28168556.0 77
1651449730192 28123362.0 78
1651449741295 28044258.0 79
1651449752373 28087160.0 80
1651449768548 28194606.0 81
