1651443632316 0.8106682300567627 0
1651443640191 0.8018415570259094 1
1651443648173 0.8018417358398438 2
1651443656236 0.8021964430809021 3
1651443664315 0.810710072517395 4
1651443672245 0.8117810487747192 5
1651443680162 0.813281238079071 6
1651443687994 0.8145187497138977 7
1651443695832 0.8152989745140076 8
1651443703654 0.8158134818077087 9
1651443711570 0.8161355257034302 10
1651443719468 0.8174527287483215 11
1651443727365 0.8182974457740784 12
1651443735273 0.8178678750991821 13
1651443743158 0.8185626864433289 14
1651443751038 0.8192607760429382 15
1651443758964 0.819398045539856 16
1651443766810 0.8190249800682068 17
1651443774696 0.8196927905082703 18
1651443782520 0.8198102116584778 19
1651443790357 0.8196256160736084 20
1651443798163 0.8203420639038086 21
1651443805989 0.8199272751808167 22
1651443813868 0.8200637102127075 23
1651443821758 0.820395290851593 24
1651443829595 0.8210630416870117 25
1651443837494 0.820723295211792 26
1651443845389 0.8213671445846558 27
1651443853256 0.8208106756210327 28
1651443861114 0.821144700050354 29
1651443868957 0.8215689063072205 30
1651443876831 0.8214057087898254 31
1651443884645 0.8216851949691772 32
1651443892543 0.8223180174827576 33
1651443900437 0.8221510648727417 34
1651443908264 0.8222584128379822 35
1651443916129 0.821877121925354 36
1651443924002 0.8216830492019653 37
1651443931831 0.8220251202583313 38
1651443939663 0.822468638420105 39
1651443947524 0.8225052952766418 40
1651443955443 0.8225393891334534 41
1651443963303 0.8235270380973816 42
1651443971176 0.822745144367218 43
1651443979067 0.8228714466094971 44
1651443986886 0.8223336338996887 45
1651443994752 0.8226029872894287 46
1651444002639 0.8230597376823425 47
1651444010496 0.823067307472229 48
1651444018321 0.8231191039085388 49
1651444026150 0.8224682211875916 50
1651444034005 0.823451578617096 51
1651444041906 0.8240811824798584 52
1651444049763 0.8238140344619751 53
1651444057658 0.8242445588111877 54
1651444065508 0.8232813477516174 55
1651444073358 0.8232841491699219 56
1651444081185 0.8238803744316101 57
1651444089095 0.8242507576942444 58
1651444096931 0.823810338973999 59
1651444104791 0.8236089944839478 60
1651444112636 0.8242202997207642 61
1651444120521 0.8246627449989319 62
1651444128456 0.8241414427757263 63
1651444136316 0.8244673013687134 64
1651444144181 0.8250340223312378 65
1651444152039 0.8245816826820374 66
1651444159910 0.8240042924880981 67
1651444167798 0.8247011303901672 68
1651444175636 0.8244882822036743 69
1651444183459 0.8247603178024292 70
1651444191343 0.824862539768219 71
1651444199191 0.8239501118659973 72
1651444207047 0.8253365755081177 73
1651444214948 0.824770450592041 74
1651444222821 0.8252726793289185 75
1651444230690 0.8247661590576172 76
1651444238509 0.824742317199707 77
1651444246356 0.825276792049408 78
1651444254179 0.8254126906394958 79
1651444262074 0.8251484036445618 80
1651444269911 0.8265766501426697 81
1651444277779 0.8247225880622864 82
1651444285659 0.8252296447753906 83
1651444293475 0.8257342576980591 84
1651444301374 0.8259015679359436 85
1651444309237 0.826145350933075 86
1651444317141 0.825265109539032 87
1651444325003 0.8262999653816223 88
1651444332894 0.8255535960197449 89
1651444340732 0.8253945112228394 90
1651444348604 0.8255166411399841 91
1651444356498 0.8255781531333923 92
1651444364365 0.8259454369544983 93
1651444372211 0.8256779909133911 94
1651444380095 0.8254680037498474 95
1651444394341 0.8250340223312378 96
