1651443632316 0.7279166579246521 0
1651443640191 0.7845948934555054 1
1651443648173 0.8005303144454956 2
1651443656236 0.8036665320396423 3
1651443664315 0.8100395202636719 4
1651443672245 0.8131538033485413 5
1651443680162 0.8170108795166016 6
1651443687994 0.8192041516304016 7
1651443695832 0.8208256959915161 8
1651443703654 0.8236954212188721 9
1651443711570 0.8244732022285461 10
1651443719468 0.8267168402671814 11
1651443727365 0.8280786275863647 12
1651443735273 0.8279706835746765 13
1651443743158 0.8286319971084595 14
1651443751038 0.8287382125854492 15
1651443758964 0.8304519057273865 16
1651443766810 0.831335723400116 17
1651443774696 0.8317440748214722 18
1651443782520 0.8326472043991089 19
1651443790357 0.832879364490509 20
1651443798163 0.8334667086601257 21
1651443805989 0.8338668942451477 22
1651443813868 0.833918571472168 23
1651443821758 0.834484338760376 24
1651443829595 0.8350049257278442 25
1651443837494 0.8347074389457703 26
1651443845389 0.8373541831970215 27
1651443853256 0.8352513909339905 28
1651443861114 0.836692750453949 29
1651443868957 0.8375503420829773 30
1651443876831 0.8379589915275574 31
1651443884645 0.8378713726997375 32
1651443892543 0.8389917612075806 33
1651443900437 0.8389378190040588 34
1651443908264 0.8390428423881531 35
1651443916129 0.8386164903640747 36
1651443924002 0.8396351933479309 37
1651443931831 0.8395435810089111 38
1651443939663 0.8390380144119263 39
1651443947524 0.8389215469360352 40
1651443955443 0.8398997783660889 41
1651443963303 0.8414743542671204 42
1651443971176 0.8409577012062073 43
1651443979067 0.8411112427711487 44
1651443986886 0.8392775058746338 45
1651443994752 0.8405945301055908 46
1651444002639 0.8417066335678101 47
1651444010496 0.8423816561698914 48
1651444018321 0.8413025140762329 49
1651444026150 0.8418747186660767 50
1651444034005 0.8425461649894714 51
1651444041906 0.8430629968643188 52
1651444049763 0.8427412509918213 53
1651444057658 0.8434983491897583 54
1651444065508 0.8429310321807861 55
1651444073358 0.8425412774085999 56
1651444081185 0.8433465957641602 57
1651444089095 0.8434609770774841 58
1651444096931 0.8438186049461365 59
1651444104791 0.8428225517272949 60
1651444112636 0.8438353538513184 61
1651444120521 0.84462571144104 62
1651444128456 0.844326376914978 63
1651444136316 0.8448811173439026 64
1651444144181 0.8445248603820801 65
1651444152039 0.84438157081604 66
1651444159910 0.8436508774757385 67
1651444167798 0.8444930911064148 68
1651444175636 0.844862163066864 69
1651444183459 0.8443859219551086 70
1651444191343 0.8459238409996033 71
1651444199191 0.8449480533599854 72
1651444207047 0.8457848429679871 73
1651444214948 0.8456595540046692 74
1651444222821 0.8461563587188721 75
1651444230690 0.8454292416572571 76
1651444238509 0.8464417457580566 77
1651444246356 0.846396267414093 78
1651444254179 0.845824122428894 79
1651444262074 0.8463485240936279 80
1651444269911 0.8476802110671997 81
1651444277779 0.845276415348053 82
1651444285659 0.8463751673698425 83
1651444293475 0.8465889096260071 84
1651444301374 0.8471766710281372 85
1651444309237 0.8470731973648071 86
1651444317141 0.8462077379226685 87
1651444325003 0.8481487035751343 88
1651444332894 0.8472703099250793 89
1651444340732 0.8473237156867981 90
1651444348604 0.8476470708847046 91
1651444356498 0.8469665050506592 92
1651444364365 0.8476468920707703 93
1651444372211 0.8466963768005371 94
1651444380095 0.8472596406936646 95
1651444394341 0.8445248603820801 96
