1651443632316 232661.0 0
1651443640191 0.0 1
1651443648173 0.0 2
1651443656236 16912.0 3
1651443664315 631986.0 4
1651443672245 814025.0 5
1651443680162 1011157.0 6
1651443687994 1189437.0 7
1651443695832 1235584.0 8
1651443703654 1386192.0 9
1651443711570 1372104.0 10
1651443719468 1236769.0 11
1651443727365 1152094.0 12
1651443735273 1186924.0 13
1651443743158 1219183.0 14
1651443751038 1240706.0 15
1651443758964 1286916.0 16
1651443766810 1293381.0 17
1651443774696 1282126.0 18
1651443782520 1353312.0 19
1651443790357 1248310.0 20
1651443798163 1360801.0 21
1651443805989 1334011.0 22
1651443813868 1333708.0 23
1651443821758 1421016.0 24
1651443829595 1439438.0 25
1651443837494 1446036.0 26
1651443845389 1509545.0 27
1651443853256 1561196.0 28
1651443861114 1532634.0 29
1651443868957 1569088.0 30
1651443876831 1596628.0 31
1651443884645 1633670.0 32
1651443892543 1578575.0 33
1651443900437 1661139.0 34
1651443908264 1585515.0 35
1651443916129 1624043.0 36
1651443924002 1647555.0 37
1651443931831 1674741.0 38
1651443939663 1638643.0 39
1651443947524 1643960.0 40
1651443955443 1660124.0 41
1651443963303 1692322.0 42
1651443971176 1684243.0 43
1651443979067 1670711.0 44
1651443986886 1706363.0 45
1651443994752 1685106.0 46
1651444002639 1620574.0 47
1651444010496 1731267.0 48
1651444018321 1720424.0 49
1651444026150 1782320.0 50
1651444034005 1740070.0 51
1651444041906 1703204.0 52
1651444049763 1734002.0 53
1651444057658 1708262.0 54
1651444065508 1735895.0 55
1651444073358 1738995.0 56
1651444081185 1751040.0 57
1651444089095 1722468.0 58
1651444096931 1713019.0 59
1651444104791 1767128.0 60
1651444112636 1709878.0 61
1651444120521 1778851.0 62
1651444128456 1766958.0 63
1651444136316 1770270.0 64
1651444144181 1751405.0 65
1651444152039 1682993.0 66
1651444159910 1720978.0 67
1651444167798 1704827.0 68
1651444175636 1745490.0 69
1651444183459 1688624.0 70
1651444191343 1769487.0 71
1651444199191 1747765.0 72
1651444207047 1776190.0 73
1651444214948 1738617.0 74
1651444222821 1763649.0 75
1651444230690 1746881.0 76
1651444238509 1758014.0 77
1651444246356 1787080.0 78
1651444254179 1726250.0 79
1651444262074 1757945.0 80
1651444269911 1739852.0 81
1651444277779 1727243.0 82
1651444285659 1780079.0 83
1651444293475 1762591.0 84
1651444301374 1750075.0 85
1651444309237 1750904.0 86
1651444317141 1691484.0 87
1651444325003 1791687.0 88
1651444332894 1729669.0 89
1651444340732 1769445.0 90
1651444348604 1756576.0 91
1651444356498 1826480.0 92
1651444364365 1786847.0 93
1651444372211 1752645.0 94
1651444380095 1762975.0 95
1651444394341 1751405.0 96
