1651443632316 7425036.0 0
1651443640191 7352688.0 1
1651443648173 7352688.0 2
1651443656236 7322621.0 3
1651443664315 6391641.0 4
1651443672245 6169866.0 5
1651443680162 5917071.0 6
1651443687994 5692870.0 7
1651443695832 5617761.0 8
1651443703654 5448071.0 9
1651443711570 5450222.0 10
1651443719468 5536684.0 11
1651443727365 5590001.0 12
1651443735273 5571116.0 13
1651443743158 5513080.0 14
1651443751038 5465650.0 15
1651443758964 5414340.0 16
1651443766810 5421717.0 17
1651443774696 5408201.0 18
1651443782520 5332657.0 19
1651443790357 5444522.0 20
1651443798163 5305441.0 21
1651443805989 5347617.0 22
1651443813868 5342850.0 23
1651443821758 5243242.0 24
1651443829595 5200046.0 25
1651443837494 5206061.0 26
1651443845389 5118647.0 27
1651443853256 5087657.0 28
1651443861114 5103817.0 29
1651443868957 5051628.0 30
1651443876831 5030145.0 31
1651443884645 4982723.0 32
1651443892543 5014345.0 33
1651443900437 4937981.0 34
1651443908264 5009615.0 35
1651443916129 4985235.0 36
1651443924002 4968926.0 37
1651443931831 4929036.0 38
1651443939663 4948693.0 39
1651443947524 4942014.0 40
1651443955443 4924572.0 41
1651443963303 4855738.0 42
1651443971176 4892836.0 43
1651443979067 4901668.0 44
1651443986886 4885973.0 45
1651443994752 4897235.0 46
1651444002639 4944820.0 47
1651444010496 4833860.0 48
1651444018321 4842765.0 49
1651444026150 4805031.0 50
1651444034005 4810778.0 51
1651444041906 4824298.0 52
1651444049763 4803415.0 53
1651444057658 4813164.0 54
1651444065508 4821278.0 55
1651444073358 4818074.0 56
1651444081185 4783907.0 57
1651444089095 4798734.0 58
1651444096931 4824527.0 59
1651444104791 4777881.0 60
1651444112636 4812443.0 61
1651444120521 4727065.0 62
1651444128456 4758296.0 63
1651444136316 4742898.0 64
1651444144181 4740726.0 65
1651444152039 4825933.0 66
1651444159910 4809375.0 67
1651444167798 4799675.0 68
1651444175636 4766892.0 69
1651444183459 4813683.0 70
1651444191343 4729019.0 71
1651444199191 4784598.0 72
1651444207047 4704725.0 73
1651444214948 4763296.0 74
1651444222821 4719628.0 75
1651444230690 4755204.0 76
1651444238509 4744955.0 77
1651444246356 4696045.0 78
1651444254179 4751845.0 79
1651444262074 4729953.0 80
1651444269911 4695046.0 81
1651444277779 4776443.0 82
1651444285659 4704795.0 83
1651444293475 4703561.0 84
1651444301374 4709875.0 85
1651444309237 4699994.0 86
1651444317141 4792090.0 87
1651444325003 4653484.0 88
1651444332894 4743198.0 89
1651444340732 4709310.0 90
1651444348604 4717665.0 91
1651444356498 4645469.0 92
1651444364365 4671459.0 93
1651444372211 4715590.0 94
1651444380095 4713055.0 95
1651444394341 4740726.0 96
