1651443632316 0.46087050437927246 0
1651443640191 0.41301652789115906 1
1651443648173 0.40261155366897583 2
1651443656236 0.40044260025024414 3
1651443664315 0.39555129408836365 4
1651443672245 0.3930729627609253 5
1651443680162 0.39005929231643677 6
1651443687994 0.3883579969406128 7
1651443695832 0.3869725167751312 8
1651443703654 0.38457369804382324 9
1651443711570 0.3833598494529724 10
1651443719468 0.3811684548854828 11
1651443727365 0.3799203038215637 12
1651443735273 0.379992812871933 13
1651443743158 0.3793230354785919 14
1651443751038 0.37945374846458435 15
1651443758964 0.3778339922428131 16
1651443766810 0.37703004479408264 17
1651443774696 0.3766760528087616 18
1651443782520 0.3760514557361603 19
1651443790357 0.37572938203811646 20
1651443798163 0.3751804232597351 21
1651443805989 0.37487900257110596 22
1651443813868 0.3748510777950287 23
1651443821758 0.3743659257888794 24
1651443829595 0.3739137351512909 25
1651443837494 0.3742746412754059 26
1651443845389 0.37183597683906555 27
1651443853256 0.3737669289112091 28
1651443861114 0.372367262840271 29
1651443868957 0.3716135025024414 30
1651443876831 0.37133827805519104 31
1651443884645 0.37136390805244446 32
1651443892543 0.3703520894050598 33
1651443900437 0.370365709066391 34
1651443908264 0.370369553565979 35
1651443916129 0.3708406984806061 36
1651443924002 0.36972853541374207 37
1651443931831 0.36988234519958496 38
1651443939663 0.3703252375125885 39
1651443947524 0.3705306947231293 40
1651443955443 0.36959028244018555 41
1651443963303 0.36810538172721863 42
1651443971176 0.36862874031066895 43
1651443979067 0.36843451857566833 44
1651443986886 0.3703235387802124 45
1651443994752 0.3689625561237335 46
1651444002639 0.36778557300567627 47
1651444010496 0.36727389693260193 48
1651444018321 0.3682705760002136 49
1651444026150 0.36783620715141296 50
1651444034005 0.36722198128700256 51
1651444041906 0.36667507886886597 52
1651444049763 0.3669911026954651 53
1651444057658 0.36629149317741394 54
1651444065508 0.36667779088020325 55
1651444073358 0.36713045835494995 56
1651444081185 0.3665320873260498 57
1651444089095 0.36647695302963257 58
1651444096931 0.3658979833126068 59
1651444104791 0.36705437302589417 60
1651444112636 0.3660292327404022 61
1651444120521 0.365266352891922 62
1651444128456 0.3655857741832733 63
1651444136316 0.36500975489616394 64
1651444144181 0.3653618395328522 65
1651444152039 0.3654537498950958 66
1651444159910 0.36620044708251953 67
1651444167798 0.365464985370636 68
1651444175636 0.36499452590942383 69
1651444183459 0.36548760533332825 70
1651444191343 0.36409077048301697 71
1651444199191 0.364930659532547 72
1651444207047 0.36430472135543823 73
1651444214948 0.3642629384994507 74
1651444222821 0.3639320731163025 75
1651444230690 0.3644510507583618 76
1651444238509 0.3634682893753052 77
1651444246356 0.3636976182460785 78
1651444254179 0.3642340898513794 79
1651444262074 0.363647997379303 80
1651444269911 0.36246082186698914 81
1651444277779 0.36463987827301025 82
1651444285659 0.36360421776771545 83
1651444293475 0.363571435213089 84
1651444301374 0.36289721727371216 85
1651444309237 0.363014817237854 86
1651444317141 0.36386293172836304 87
1651444325003 0.3620698153972626 88
1651444332894 0.36285489797592163 89
1651444340732 0.36278173327445984 90
1651444348604 0.36237555742263794 91
1651444356498 0.363209992647171 92
1651444364365 0.36243367195129395 93
1651444372211 0.3633812367916107 94
1651444380095 0.362739622592926 95
1651444394341 0.3653618395328522 96
