1651443632316 0.812708854675293 0
1651443640191 0.8018417954444885 1
1651443648173 0.8018418550491333 2
1651443656236 0.8024020195007324 3
1651443664315 0.8200151324272156 4
1651443672245 0.8242618441581726 5
1651443680162 0.8292744159698486 6
1651443687994 0.8338134288787842 7
1651443695832 0.8354234099388123 8
1651443703654 0.8388828039169312 9
1651443711570 0.8388965725898743 10
1651443719468 0.8374068140983582 11
1651443727365 0.8365036249160767 12
1651443735273 0.8367995619773865 13
1651443743158 0.8380714058876038 14
1651443751038 0.8391387462615967 15
1651443758964 0.8401901125907898 16
1651443766810 0.8399767279624939 17
1651443774696 0.8403649926185608 18
1651443782520 0.8419100642204285 19
1651443790357 0.8396248817443848 20
1651443798163 0.8425549268722534 21
1651443805989 0.8416275978088379 22
1651443813868 0.8417477607727051 23
1651443821758 0.8438335061073303 24
1651443829595 0.8448353409767151 25
1651443837494 0.8446531295776367 26
1651443845389 0.8465705513954163 27
1651443853256 0.8471207618713379 28
1651443861114 0.8468409776687622 29
1651443868957 0.8480027318000793 30
1651443876831 0.8484256267547607 31
1651443884645 0.8494714498519897 32
1651443892543 0.8489120602607727 33
1651443900437 0.8504969477653503 34
1651443908264 0.8490013480186462 35
1651443916129 0.8494507670402527 36
1651443924002 0.8497626185417175 37
1651443931831 0.8506658673286438 38
1651443939663 0.8503232002258301 39
1651443947524 0.8504709005355835 40
1651443955443 0.8508469462394714 41
1651443963303 0.8524803519248962 42
1651443971176 0.8515570163726807 43
1651443979067 0.8513899445533752 44
1651443986886 0.8516348600387573 45
1651443994752 0.8514394760131836 46
1651444002639 0.8505045175552368 47
1651444010496 0.8528731465339661 48
1651444018321 0.8526906967163086 49
1651444026150 0.8533941507339478 50
1651444034005 0.8534335494041443 51
1651444041906 0.853246808052063 52
1651444049763 0.8536520600318909 53
1651444057658 0.8535133600234985 54
1651444065508 0.8531792163848877 55
1651444073358 0.853248655796051 56
1651444081185 0.8540838360786438 57
1651444089095 0.8538251519203186 58
1651444096931 0.8531970977783203 59
1651444104791 0.8541693687438965 60
1651444112636 0.8535248637199402 61
1651444120521 0.8554443717002869 62
1651444128456 0.8546810746192932 63
1651444136316 0.8550685048103333 64
1651444144181 0.855208694934845 65
1651444152039 0.8532946109771729 66
1651444159910 0.8535551428794861 67
1651444167798 0.8538792729377747 68
1651444175636 0.8545520901679993 69
1651444183459 0.8535874485969543 70
1651444191343 0.8554346561431885 71
1651444199191 0.8540804386138916 72
1651444207047 0.8560410141944885 73
1651444214948 0.8546763062477112 74
1651444222821 0.8557061553001404 75
1651444230690 0.8548507690429688 76
1651444238509 0.8550689816474915 77
1651444246356 0.8562204241752625 78
1651444254179 0.8550297021865845 79
1651444262074 0.8554612398147583 80
1651444269911 0.8564542531967163 81
1651444277779 0.8543840646743774 82
1651444285659 0.8560220003128052 83
1651444293475 0.856131374835968 84
1651444301374 0.8560211062431335 85
1651444309237 0.8562760949134827 86
1651444317141 0.8541356921195984 87
1651444325003 0.8573175072669983 88
1651444332894 0.8552402853965759 89
1651444340732 0.8559505939483643 90
1651444348604 0.8557885885238647 91
1651444356498 0.857375979423523 92
1651444364365 0.8568665385246277 93
1651444372211 0.8558602929115295 94
1651444380095 0.8558810949325562 95
1651444394341 0.855208694934845 96
