1651443632316 0.9928306341171265 0
1651443640191 1.0 1
1651443648173 1.0 2
1651443656236 0.9994315505027771 3
1651443664315 0.9787585139274597 4
1651443672245 0.9726400971412659 5
1651443680162 0.9660143852233887 6
1651443687994 0.9600222110748291 7
1651443695832 0.9584711790084839 8
1651443703654 0.9534091353416443 9
1651443711570 0.9538826942443848 10
1651443719468 0.9584314227104187 11
1651443727365 0.9612773656845093 12
1651443735273 0.9601066708564758 13
1651443743158 0.9590224027633667 14
1651443751038 0.9582990407943726 15
1651443758964 0.9567459225654602 16
1651443766810 0.9565286636352539 17
1651443774696 0.9569069147109985 18
1651443782520 0.9545142650604248 19
1651443790357 0.9580435156822205 20
1651443798163 0.9542625546455383 21
1651443805989 0.9551630020141602 22
1651443813868 0.9551731944084167 23
1651443821758 0.9522387385368347 24
1651443829595 0.951619565486908 25
1651443837494 0.9513977766036987 26
1651443845389 0.9492631554603577 27
1651443853256 0.9475271701812744 28
1651443861114 0.9484871625900269 29
1651443868957 0.9472619295120239 30
1651443876831 0.9463362693786621 31
1651443884645 0.9450912475585938 32
1651443892543 0.9469430446624756 33
1651443900437 0.9441680312156677 34
1651443908264 0.9467097520828247 35
1651443916129 0.9454147815704346 36
1651443924002 0.9446245431900024 37
1651443931831 0.9437108635902405 38
1651443939663 0.9449241161346436 39
1651443947524 0.9447454214096069 40
1651443955443 0.9442021250724792 41
1651443963303 0.9431199431419373 42
1651443971176 0.9433914422988892 43
1651443979067 0.9438463449478149 44
1651443986886 0.9426479935646057 45
1651443994752 0.9433624744415283 46
1651444002639 0.94553142786026 47
1651444010496 0.9418110251426697 48
1651444018321 0.9421753883361816 49
1651444026150 0.940095067024231 50
1651444034005 0.9415151476860046 51
1651444041906 0.9427541494369507 52
1651444049763 0.9417190551757812 53
1651444057658 0.9425841569900513 54
1651444065508 0.9416553974151611 55
1651444073358 0.9415512084960938 56
1651444081185 0.9411463737487793 57
1651444089095 0.9421067237854004 58
1651444096931 0.9424242973327637 59
1651444104791 0.940605640411377 60
1651444112636 0.9425298571586609 61
1651444120521 0.9402116537094116 62
1651444128456 0.9406114220619202 63
1651444136316 0.9405000805854797 64
1651444144181 0.9411341547966003 65
1651444152039 0.9434334635734558 66
1651444159910 0.9421567916870117 67
1651444167798 0.942699670791626 68
1651444175636 0.9413329362869263 69
1651444183459 0.943244218826294 70
1651444191343 0.9405263066291809 71
1651444199191 0.9412564635276794 72
1651444207047 0.9403010606765747 73
1651444214948 0.9415639638900757 74
1651444222821 0.940722644329071 75
1651444230690 0.9412862062454224 76
1651444238509 0.9409120082855225 77
1651444246356 0.939935028553009 78
1651444254179 0.9419796466827393 79
1651444262074 0.9409142732620239 80
1651444269911 0.9415224194526672 81
1651444277779 0.9419461488723755 82
1651444285659 0.940170407295227 83
1651444293475 0.9407581090927124 84
1651444301374 0.9411788582801819 85
1651444309237 0.941150963306427 86
1651444317141 0.943148136138916 87
1651444325003 0.9397802352905273 88
1651444332894 0.9418647289276123 89
1651444340732 0.9405277967453003 90
1651444348604 0.9409602880477905 91
1651444356498 0.9386107921600342 92
1651444364365 0.9399428963661194 93
1651444372211 0.9410924911499023 94
1651444380095 0.9407452344894409 95
1651444394341 0.9411341547966003 96
