1651443632316 568935.0 0
1651443640191 0.0 1
1651443648173 0.0 2
1651443656236 30067.0 3
1651443664315 961047.0 4
1651443672245 1182822.0 5
1651443680162 1435617.0 6
1651443687994 1659818.0 7
1651443695832 1734927.0 8
1651443703654 1904617.0 9
1651443711570 1902466.0 10
1651443719468 1816004.0 11
1651443727365 1762687.0 12
1651443735273 1781572.0 13
1651443743158 1839608.0 14
1651443751038 1887038.0 15
1651443758964 1938348.0 16
1651443766810 1930971.0 17
1651443774696 1944487.0 18
1651443782520 2020031.0 19
1651443790357 1908166.0 20
1651443798163 2047247.0 21
1651443805989 2005071.0 22
1651443813868 2009838.0 23
1651443821758 2109446.0 24
1651443829595 2152642.0 25
1651443837494 2146627.0 26
1651443845389 2234041.0 27
1651443853256 2265031.0 28
1651443861114 2248871.0 29
1651443868957 2301060.0 30
1651443876831 2322543.0 31
1651443884645 2369965.0 32
1651443892543 2338343.0 33
1651443900437 2414707.0 34
1651443908264 2343073.0 35
1651443916129 2367453.0 36
1651443924002 2383762.0 37
1651443931831 2423652.0 38
1651443939663 2403995.0 39
1651443947524 2410674.0 40
1651443955443 2428116.0 41
1651443963303 2496950.0 42
1651443971176 2459852.0 43
1651443979067 2451020.0 44
1651443986886 2466715.0 45
1651443994752 2455453.0 46
1651444002639 2407868.0 47
1651444010496 2518828.0 48
1651444018321 2509923.0 49
1651444026150 2547657.0 50
1651444034005 2541910.0 51
1651444041906 2528390.0 52
1651444049763 2549273.0 53
1651444057658 2539524.0 54
1651444065508 2531410.0 55
1651444073358 2534614.0 56
1651444081185 2568781.0 57
1651444089095 2553954.0 58
1651444096931 2528161.0 59
1651444104791 2574807.0 60
1651444112636 2540245.0 61
1651444120521 2625623.0 62
1651444128456 2594392.0 63
1651444136316 2609790.0 64
1651444144181 2611962.0 65
1651444152039 2526755.0 66
1651444159910 2543313.0 67
1651444167798 2553013.0 68
1651444175636 2585796.0 69
1651444183459 2539005.0 70
1651444191343 2623669.0 71
1651444199191 2568090.0 72
1651444207047 2647963.0 73
1651444214948 2589392.0 74
1651444222821 2633060.0 75
1651444230690 2597484.0 76
1651444238509 2607733.0 77
1651444246356 2656643.0 78
1651444254179 2600843.0 79
1651444262074 2622735.0 80
1651444269911 2657642.0 81
1651444277779 2576245.0 82
1651444285659 2647893.0 83
1651444293475 2649127.0 84
1651444301374 2642813.0 85
1651444309237 2652694.0 86
1651444317141 2560598.0 87
1651444325003 2699204.0 88
1651444332894 2609490.0 89
1651444340732 2643378.0 90
1651444348604 2635023.0 91
1651444356498 2707219.0 92
1651444364365 2681229.0 93
1651444372211 2637098.0 94
1651444380095 2639633.0 95
1651444394341 2611962.0 96
