1651443632316 32219312.0 0
1651443640191 29752452.0 1
1651443648173 29752460.0 2
1651443656236 29735556.0 3
1651443664315 29120470.0 4
1651443672245 28938428.0 5
1651443680162 28741308.0 6
1651443687994 28563026.0 7
1651443695832 28516874.0 8
1651443703654 28366268.0 9
1651443711570 28380360.0 10
1651443719468 28515696.0 11
1651443727365 28600366.0 12
1651443735273 28565532.0 13
1651443743158 28533280.0 14
1651443751038 28511760.0 15
1651443758964 28465554.0 16
1651443766810 28459080.0 17
1651443774696 28470336.0 18
1651443782520 28399146.0 19
1651443790357 28504164.0 20
1651443798163 28391650.0 21
1651443805989 28418464.0 22
1651443813868 28418754.0 23
1651443821758 28331446.0 24
1651443829595 28313032.0 25
1651443837494 28306428.0 26
1651443845389 28242922.0 27
1651443853256 28191268.0 28
1651443861114 28219824.0 29
1651443868957 28183368.0 30
1651443876831 28155836.0 31
1651443884645 28118792.0 32
1651443892543 28173900.0 33
1651443900437 28091322.0 34
1651443908264 28166948.0 35
1651443916129 28128420.0 36
1651443924002 28104908.0 37
1651443931831 28077724.0 38
1651443939663 28113828.0 39
1651443947524 28108498.0 40
1651443955443 28092336.0 41
1651443963303 28060132.0 42
1651443971176 28068208.0 43
1651443979067 28081754.0 44
1651443986886 28046100.0 45
1651443994752 28067352.0 46
1651444002639 28131892.0 47
1651444010496 28021194.0 48
1651444018321 28032040.0 49
1651444026150 27970140.0 50
1651444034005 28012408.0 51
1651444041906 28049252.0 52
1651444049763 28018466.0 53
1651444057658 28044192.0 54
1651444065508 28016568.0 55
1651444073358 28013472.0 56
1651444081185 28001412.0 57
1651444089095 28029998.0 58
1651444096931 28039448.0 59
1651444104791 27985336.0 60
1651444112636 28042580.0 61
1651444120521 27973610.0 62
1651444128456 27985520.0 63
1651444136316 27982204.0 64
1651444144181 28001060.0 65
1651444152039 28069470.0 66
1651444159910 28031482.0 67
1651444167798 28047638.0 68
1651444175636 28006984.0 69
1651444183459 28063842.0 70
1651444191343 27982972.0 71
1651444199191 28004692.0 72
1651444207047 27976276.0 73
1651444214948 28013844.0 74
1651444222821 27988816.0 75
1651444230690 28005584.0 76
1651444238509 27994448.0 77
1651444246356 27965382.0 78
1651444254179 28026226.0 79
1651444262074 27994514.0 80
1651444269911 28012612.0 81
1651444277779 28025216.0 82
1651444285659 27972382.0 83
1651444293475 27989872.0 84
1651444301374 28002382.0 85
1651444309237 28001554.0 86
1651444317141 28060984.0 87
1651444325003 27960778.0 88
1651444332894 28022804.0 89
1651444340732 27983020.0 90
1651444348604 27995882.0 91
1651444356498 27925978.0 92
1651444364365 27965614.0 93
1651444372211 27999820.0 94
1651444380095 27989492.0 95
1651444394341 28001060.0 96
