1651501485265 0.7581040263175964 0
1651501495450 0.8293482065200806 1
1651501505687 0.8360550999641418 2
1651501515945 0.8368841409683228 3
1651501525991 0.8415027856826782 4
1651501536290 0.8446714282035828 5
1651501546303 0.8452357649803162 6
1651501556339 0.8481329679489136 7
1651501566358 0.8518813848495483 8
1651501576407 0.8526155948638916 9
1651501586447 0.85252845287323 10
1651501596702 0.8586240410804749 11
1651501606753 0.8616025447845459 12
1651501616777 0.8642341494560242 13
1651501626983 0.8703009486198425 14
1651501637239 0.8740535378456116 15
1651501647433 0.8776301145553589 16
1651501657628 0.8812377452850342 17
1651501667856 0.8813139200210571 18
1651501677886 0.883391797542572 19
1651501688126 0.8890565037727356 20
1651501698135 0.8875337839126587 21
1651501708387 0.8904350399971008 22
1651501718424 0.892719566822052 23
1651501728411 0.8964919447898865 24
1651501738450 0.8973145484924316 25
1651501748460 0.8994360566139221 26
1651501758448 0.8993998765945435 27
1651501768478 0.9028069376945496 28
1651501778434 0.9016384482383728 29
1651501788386 0.905498206615448 30
1651501798572 0.8980672955513 31
1651501808760 0.9045528769493103 32
1651501818705 0.906962513923645 33
1651501828654 0.9088133573532104 34
1651501838599 0.9076142907142639 35
1651501848519 0.9107540845870972 36
1651501858471 0.908860445022583 37
1651501868347 0.9096227884292603 38
1651501878307 0.9119893312454224 39
1651501888262 0.9092104434967041 40
1651501898204 0.9125831723213196 41
1651501908361 0.9082805514335632 42
1651501918337 0.9152927994728088 43
1651501928301 0.9101499319076538 44
1651501938308 0.9125577211380005 45
1651501948237 0.9126431941986084 46
1651501958396 0.9160047173500061 47
1651501968349 0.9166018962860107 48
1651501978331 0.9169912338256836 49
1651501988285 0.9187566041946411 50
1651501998234 0.9189525246620178 51
1651502008176 0.9151124358177185 52
1651502018098 0.9159796237945557 53
1651502028185 0.9166754484176636 54
1651502038339 0.9193990230560303 55
1651502048258 0.9190878868103027 56
1651502058187 0.9213672876358032 57
1651502068154 0.9201884269714355 58
1651502078089 0.9213457107543945 59
1651502088210 0.9186122417449951 60
1651502098125 0.9212108850479126 61
1651502108058 0.9222769141197205 62
1651502118037 0.9206246137619019 63
1651502127998 0.9195439219474792 64
1651502137923 0.9212608933448792 65
1651502147884 0.9231786131858826 66
1651502157845 0.9222124218940735 67
1651502167808 0.9247971177101135 68
1651502177767 0.919901967048645 69
1651502187709 0.9238637089729309 70
1651502197655 0.9210763573646545 71
1651502207602 0.9263646602630615 72
1651502217547 0.9230697154998779 73
1651502227497 0.9234147667884827 74
1651502237432 0.9259958267211914 75
1651502247605 0.9248095154762268 76
1651502257575 0.926773726940155 77
1651502267559 0.9248016476631165 78
1651502277543 0.9252249002456665 79
1651502287690 0.9283479452133179 80
1651502297655 0.925817608833313 81
1651502307587 0.9214439988136292 82
1651502317526 0.9266799688339233 83
1651502327483 0.926036536693573 84
1651502337399 0.9268786311149597 85
1651502347368 0.9270206689834595 86
1651502357300 0.9287302494049072 87
1651502367255 0.928838312625885 88
1651502377199 0.9283198714256287 89
1651502387185 0.9284672141075134 90
1651502397131 0.9249750971794128 91
1651502407067 0.9253097176551819 92
1651502417014 0.9300234317779541 93
1651502426984 0.9298064112663269 94
1651502436939 0.9286884069442749 95
1651502446879 0.9287973046302795 96
1651502456856 0.9292449355125427 97
1651502466837 0.9283884167671204 98
1651502476838 0.9287069439888 99
1651502486786 0.9257367253303528 100
1651502496761 0.9287245869636536 101
1651502506752 0.9309713244438171 102
1651502516868 0.9294134974479675 103
1651502526808 0.9303052425384521 104
1651502536929 0.9284935593605042 105
1651502546927 0.930419385433197 106
1651502556899 0.930873692035675 107
1651502566892 0.9290835857391357 108
1651502576914 0.9295642375946045 109
1651502586941 0.9295209646224976 110
1651502646929 0.9283479452133179 111
