1651501485265 0.8398727774620056 0
1651501495450 0.9015651345252991 1
1651501505687 0.914506196975708 2
1651501515945 0.9158457517623901 3
1651501525991 0.9187847971916199 4
1651501536290 0.9219890236854553 5
1651501546303 0.9211472868919373 6
1651501556339 0.9241052865982056 7
1651501566358 0.9264424443244934 8
1651501576407 0.9293081164360046 9
1651501586447 0.9286046028137207 10
1651501596702 0.9374045133590698 11
1651501606753 0.9417425394058228 12
1651501616777 0.9438064098358154 13
1651501626983 0.9484847784042358 14
1651501637239 0.9500239491462708 15
1651501647433 0.954539954662323 16
1651501657628 0.9562748670578003 17
1651501667856 0.9571844935417175 18
1651501677886 0.9584643840789795 19
1651501688126 0.9619060158729553 20
1651501698135 0.9605321288108826 21
1651501708387 0.9632183909416199 22
1651501718424 0.9633356928825378 23
1651501728411 0.9664089679718018 24
1651501738450 0.9678259491920471 25
1651501748460 0.9681740999221802 26
1651501758448 0.9687714576721191 27
1651501768478 0.9699932932853699 28
1651501778434 0.9702418446540833 29
1651501788386 0.9713668823242188 30
1651501798572 0.968112587928772 31
1651501808760 0.9716733694076538 32
1651501818705 0.9730054140090942 33
1651501828654 0.9737750291824341 34
1651501838599 0.9732722043991089 35
1651501848519 0.9743271470069885 36
1651501858471 0.9734028577804565 37
1651501868347 0.9740772247314453 38
1651501878307 0.9755872488021851 39
1651501888262 0.9740225076675415 40
1651501898204 0.9757578372955322 41
1651501908361 0.9741960763931274 42
1651501918337 0.9770346879959106 43
1651501928301 0.974900484085083 44
1651501938308 0.9762601256370544 45
1651501948237 0.9764946103096008 46
1651501958396 0.9771485328674316 47
1651501968349 0.9774149656295776 48
1651501978331 0.9784141778945923 49
1651501988285 0.9787790775299072 50
1651501998234 0.9787129163742065 51
1651502008176 0.9774426817893982 52
1651502018098 0.9778023958206177 53
1651502028185 0.9781381487846375 54
1651502038339 0.9791253209114075 55
1651502048258 0.979312002658844 56
1651502058187 0.9802321791648865 57
1651502068154 0.979488730430603 58
1651502078089 0.9796561598777771 59
1651502088210 0.9793334603309631 60
1651502098125 0.9803276062011719 61
1651502108058 0.9804616570472717 62
1651502118037 0.9800872206687927 63
1651502127998 0.9787715673446655 64
1651502137923 0.9798877239227295 65
1651502147884 0.9806722402572632 66
1651502157845 0.9808217883110046 67
1651502167808 0.9817706346511841 68
1651502177767 0.9800224900245667 69
1651502187709 0.9814280271530151 70
1651502197655 0.9803935289382935 71
1651502207602 0.9825795888900757 72
1651502217547 0.9814512133598328 73
1651502227497 0.9810467958450317 74
1651502237432 0.9824592471122742 75
1651502247605 0.9817691445350647 76
1651502257575 0.982326865196228 77
1651502267559 0.9820314645767212 78
1651502277543 0.9822167158126831 79
1651502287690 0.9837040901184082 80
1651502297655 0.9824787974357605 81
1651502307587 0.9808269143104553 82
1651502317526 0.9825246930122375 83
1651502327483 0.9823241829872131 84
1651502337399 0.9828170537948608 85
1651502347368 0.9831773042678833 86
1651502357300 0.9837453365325928 87
1651502367255 0.9837557077407837 88
1651502377199 0.98350590467453 89
1651502387185 0.983849048614502 90
1651502397131 0.9823030233383179 91
1651502407067 0.9824501276016235 92
1651502417014 0.9836323857307434 93
1651502426984 0.9844499826431274 94
1651502436939 0.9839708805084229 95
1651502446879 0.9841325283050537 96
1651502456856 0.9839048385620117 97
1651502466837 0.9840138554573059 98
1651502476838 0.9837361574172974 99
1651502486786 0.9821948409080505 100
1651502496761 0.9834418892860413 101
1651502506752 0.9844315648078918 102
1651502516868 0.9845461249351501 103
1651502526808 0.9846601486206055 104
1651502536929 0.9842400550842285 105
1651502546927 0.9847778081893921 106
1651502556899 0.9846875071525574 107
1651502566892 0.9845730662345886 108
1651502576914 0.9845368266105652 109
1651502586941 0.9842207431793213 110
1651502646929 0.9837040901184082 111
