1651501485265 2375457.0 0
1651501495450 2068183.0 1
1651501505687 1957198.0 2
1651501515945 1654746.0 3
1651501525991 1696525.0 4
1651501536290 1707661.0 5
1651501546303 1689156.0 6
1651501556339 1623778.0 7
1651501566358 1622637.0 8
1651501576407 1575725.0 9
1651501586447 1508557.0 10
1651501596702 1490301.0 11
1651501606753 1392607.0 12
1651501616777 1378591.0 13
1651501626983 1370409.0 14
1651501637239 1401239.0 15
1651501647433 1317287.0 16
1651501657628 1304569.0 17
1651501667856 1326718.0 18
1651501677886 1299866.0 19
1651501688126 1253490.0 20
1651501698135 1273708.0 21
1651501708387 1248442.0 22
1651501718424 1244675.0 23
1651501728411 1253847.0 24
1651501738450 1195271.0 25
1651501748460 1188276.0 26
1651501758448 1251951.0 27
1651501768478 1128222.0 28
1651501778434 1192206.0 29
1651501788386 1181173.0 30
1651501798572 1237648.0 31
1651501808760 1220112.0 32
1651501818705 1160714.0 33
1651501828654 1198856.0 34
1651501838599 1180512.0 35
1651501848519 1111605.0 36
1651501858471 1143721.0 37
1651501868347 1167294.0 38
1651501878307 1171799.0 39
1651501888262 1126224.0 40
1651501898204 1132593.0 41
1651501908361 1126745.0 42
1651501918337 1133864.0 43
1651501928301 1116326.0 44
1651501938308 1140763.0 45
1651501948237 1169146.0 46
1651501958396 1093307.0 47
1651501968349 1133793.0 48
1651501978331 1105914.0 49
1651501988285 1084215.0 50
1651501998234 1109436.0 51
1651502008176 1145148.0 52
1651502018098 1030511.0 53
1651502028185 1112305.0 54
1651502038339 1120394.0 55
1651502048258 1073167.0 56
1651502058187 1055477.0 57
1651502068154 1058191.0 58
1651502078089 1039033.0 59
1651502088210 1064621.0 60
1651502098125 1068984.0 61
1651502108058 1041742.0 62
1651502118037 1068963.0 63
1651502127998 1045379.0 64
1651502137923 1050090.0 65
1651502147884 1009813.0 66
1651502157845 1026301.0 67
1651502167808 984259.0 68
1651502177767 1058148.0 69
1651502187709 1026608.0 70
1651502197655 1028349.0 71
1651502207602 952732.0 72
1651502217547 1004818.0 73
1651502227497 1002732.0 74
1651502237432 977486.0 75
1651502247605 958633.0 76
1651502257575 994728.0 77
1651502267559 955294.0 78
1651502277543 1010013.0 79
1651502287690 962697.0 80
1651502297655 1006841.0 81
1651502307587 1026587.0 82
1651502317526 1004340.0 83
1651502327483 983810.0 84
1651502337399 937315.0 85
1651502347368 986124.0 86
1651502357300 941415.0 87
1651502367255 933474.0 88
1651502377199 959083.0 89
1651502387185 930100.0 90
1651502397131 971767.0 91
1651502407067 962957.0 92
1651502417014 941629.0 93
1651502426984 928635.0 94
1651502436939 946064.0 95
1651502446879 958797.0 96
1651502456856 933106.0 97
1651502466837 966191.0 98
1651502476838 956901.0 99
1651502486786 948129.0 100
1651502496761 925906.0 101
1651502506752 943999.0 102
1651502516868 927426.0 103
1651502526808 902083.0 104
1651502536929 950247.0 105
1651502546927 932977.0 106
1651502556899 902149.0 107
1651502566892 928689.0 108
1651502576914 929692.0 109
1651502586941 906061.0 110
1651502646929 962697.0 111
