1651501485265 2702556.0 0
1651501495450 1536505.0 1
1651501505687 1505825.0 2
1651501515945 1790759.0 3
1651501525991 1651425.0 4
1651501536290 1573359.0 5
1651501546303 1579943.0 6
1651501556339 1584119.0 7
1651501566358 1506082.0 8
1651501576407 1537488.0 9
1651501586447 1606496.0 10
1651501596702 1495998.0 11
1651501606753 1530769.0 12
1651501616777 1489200.0 13
1651501626983 1369233.0 14
1651501637239 1259133.0 15
1651501647433 1267119.0 16
1651501657628 1204051.0 17
1651501667856 1180296.0 18
1651501677886 1163259.0 19
1651501688126 1089973.0 20
1651501698135 1101926.0 21
1651501708387 1065907.0 22
1651501718424 1021416.0 23
1651501728411 932565.0 24
1651501738450 973671.0 25
1651501748460 935945.0 26
1651501758448 873035.0 27
1651501768478 924795.0 28
1651501778434 885491.0 29
1651501788386 814988.0 30
1651501798572 915480.0 31
1651501808760 796025.0 32
1651501818705 804518.0 33
1651501828654 727290.0 34
1651501838599 770958.0 35
1651501848519 773543.0 36
1651501858471 781430.0 37
1651501868347 741752.0 38
1651501878307 687256.0 39
1651501888262 791532.0 40
1651501898204 713914.0 41
1651501908361 810652.0 42
1651501918337 655409.0 43
1651501928301 781586.0 44
1651501938308 706289.0 45
1651501948237 676101.0 46
1651501958396 680932.0 47
1651501968349 627830.0 48
1651501978331 647483.0 49
1651501988285 631893.0 50
1651501998234 601643.0 51
1651502008176 647938.0 52
1651502018098 744260.0 53
1651502028185 647764.0 54
1651502038339 582147.0 55
1651502048258 635943.0 56
1651502058187 605485.0 57
1651502068154 627671.0 58
1651502078089 622387.0 59
1651502088210 654543.0 60
1651502098125 595285.0 61
1651502108058 599975.0 62
1651502118037 607691.0 63
1651502127998 654099.0 64
1651502137923 613121.0 65
1651502147884 612889.0 66
1651502157845 616811.0 67
1651502167808 604260.0 68
1651502177767 633622.0 69
1651502187709 581623.0 70
1651502197655 638762.0 71
1651502207602 602672.0 72
1651502217547 620182.0 73
1651502227497 614984.0 74
1651502237432 585710.0 75
1651502247605 629622.0 76
1651502257575 552035.0 77
1651502267559 633126.0 78
1651502277543 569466.0 79
1651502287690 550815.0 80
1651502297655 560121.0 81
1651502307587 632759.0 82
1651502317526 544401.0 83
1651502327483 578519.0 84
1651502337399 607234.0 85
1651502347368 555422.0 86
1651502357300 564020.0 87
1651502367255 569678.0 88
1651502377199 555022.0 89
1651502387185 580889.0 90
1651502397131 612989.0 91
1651502407067 614730.0 92
1651502417014 536491.0 93
1651502426984 554056.0 94
1651502436939 560256.0 95
1651502446879 545221.0 96
1651502456856 561459.0 97
1651502466837 546468.0 98
1651502476838 549028.0 99
1651502486786 620543.0 100
1651502496761 579498.0 101
1651502506752 514101.0 102
1651502516868 563586.0 103
1651502526808 570092.0 104
1651502536929 560172.0 105
1651502546927 536778.0 106
1651502556899 558013.0 107
1651502566892 569149.0 108
1651502576914 558118.0 109
1651502586941 582669.0 110
1651502646929 550815.0 111
