1651501485265 0.4890991747379303 0
1651501495450 0.3733854591846466 1
1651501505687 0.3411131203174591 2
1651501515945 0.33882617950439453 3
1651501525991 0.3266243636608124 4
1651501536290 0.3219875991344452 5
1651501546303 0.3196616768836975 6
1651501556339 0.3170732259750366 7
1651501566358 0.3102499842643738 8
1651501576407 0.30584073066711426 9
1651501586447 0.3113481402397156 10
1651501596702 0.2915889322757721 11
1651501606753 0.28264421224594116 12
1651501616777 0.280286967754364 13
1651501626983 0.2671127915382385 14
1651501637239 0.2617586851119995 15
1651501647433 0.2512444853782654 16
1651501657628 0.24651208519935608 17
1651501667856 0.24170580506324768 18
1651501677886 0.23941448330879211 19
1651501688126 0.22801707684993744 20
1651501698135 0.2343256175518036 21
1651501708387 0.2231970876455307 22
1651501718424 0.22312678396701813 23
1651501728411 0.21220329403877258 24
1651501738450 0.20909744501113892 25
1651501748460 0.2077852338552475 26
1651501758448 0.20585636794567108 27
1651501768478 0.20039726793766022 28
1651501778434 0.20120958983898163 29
1651501788386 0.19577054679393768 30
1651501798572 0.20992529392242432 31
1651501808760 0.1947823166847229 32
1651501818705 0.19018122553825378 33
1651501828654 0.1873670220375061 34
1651501838599 0.18918687105178833 35
1651501848519 0.18449194729328156 36
1651501858471 0.18783657252788544 37
1651501868347 0.18567682802677155 38
1651501878307 0.18162773549556732 39
1651501888262 0.18775808811187744 40
1651501898204 0.17852510511875153 41
1651501908361 0.18639755249023438 42
1651501918337 0.17280350625514984 43
1651501928301 0.18355382978916168 44
1651501938308 0.1778183877468109 45
1651501948237 0.1761149764060974 46
1651501958396 0.1730865091085434 47
1651501968349 0.17127743363380432 48
1651501978331 0.16731883585453033 49
1651501988285 0.1661709100008011 50
1651501998234 0.16589117050170898 51
1651502008176 0.17210660874843597 52
1651502018098 0.17068573832511902 53
1651502028185 0.16824783384799957 54
1651502038339 0.16395917534828186 55
1651502048258 0.16340485215187073 56
1651502058187 0.15987858176231384 57
1651502068154 0.16349166631698608 58
1651502078089 0.16162565350532532 59
1651502088210 0.1643492430448532 60
1651502098125 0.15913861989974976 61
1651502108058 0.15918058156967163 62
1651502118037 0.16022805869579315 63
1651502127998 0.16563096642494202 64
1651502137923 0.16100609302520752 65
1651502147884 0.1580413281917572 66
1651502157845 0.15740257501602173 67
1651502167808 0.15267488360404968 68
1651502177767 0.16154058277606964 69
1651502187709 0.1541564166545868 70
1651502197655 0.1595083624124527 71
1651502207602 0.1492074579000473 72
1651502217547 0.15480872988700867 73
1651502227497 0.15648889541625977 74
1651502237432 0.14967429637908936 75
1651502247605 0.15429575741291046 76
1651502257575 0.1493300497531891 77
1651502267559 0.15372300148010254 78
1651502277543 0.1510401964187622 79
1651502287690 0.14392393827438354 80
1651502297655 0.15013442933559418 81
1651502307587 0.15863098204135895 82
1651502317526 0.1483561247587204 83
1651502327483 0.15062938630580902 84
1651502337399 0.14811882376670837 85
1651502347368 0.14713217318058014 86
1651502357300 0.14378096163272858 87
1651502367255 0.14385150372982025 88
1651502377199 0.14496813714504242 89
1651502387185 0.14432930946350098 90
1651502397131 0.15197394788265228 91
1651502407067 0.15065357089042664 92
1651502417014 0.14443820714950562 93
1651502426984 0.14071811735630035 94
1651502436939 0.14305707812309265 95
1651502446879 0.14189910888671875 96
1651502456856 0.1422816514968872 97
1651502466837 0.14232759177684784 98
1651502476838 0.14344190061092377 99
1651502486786 0.1517670452594757 100
1651502496761 0.14492499828338623 101
1651502506752 0.14075204730033875 102
1651502516868 0.14043119549751282 103
1651502526808 0.13970327377319336 104
1651502536929 0.14315937459468842 105
1651502546927 0.13920214772224426 106
1651502556899 0.13951517641544342 107
1651502566892 0.1404903084039688 108
1651502576914 0.14085924625396729 109
1651502586941 0.14143173396587372 110
1651502646929 0.14392393827438354 111
