1651501485265 0.7723591327667236 0
1651501495450 0.8604856729507446 1
1651501505687 0.8642611503601074 2
1651501515945 0.8466938138008118 3
1651501525991 0.8563955426216125 4
1651501536290 0.862114429473877 5
1651501546303 0.8618412017822266 6
1651501556339 0.8623135089874268 7
1651501566358 0.8682154417037964 8
1651501576407 0.8663830161094666 9
1651501586447 0.8620187640190125 10
1651501596702 0.8704832792282104 11
1651501606753 0.8689755797386169 12
1651501616777 0.8722323179244995 13
1651501626983 0.8813874125480652 14
1651501637239 0.8895769715309143 15
1651501647433 0.8897654414176941 16
1651501657628 0.8947912454605103 17
1651501667856 0.8964515924453735 18
1651501677886 0.8980340957641602 19
1651501688126 0.9042320847511292 20
1651501698135 0.9031115174293518 21
1651501708387 0.9061898589134216 22
1651501718424 0.9097821116447449 23
1651501728411 0.9169105887413025 24
1651501738450 0.9140118360519409 25
1651501748460 0.9171186089515686 26
1651501758448 0.9218131303787231 27
1651501768478 0.9184591174125671 28
1651501778434 0.921207070350647 29
1651501788386 0.9270947575569153 30
1651501798572 0.9184263944625854 31
1651501808760 0.92842036485672 32
1651501818705 0.9280956387519836 33
1651501828654 0.9343206882476807 34
1651501838599 0.93076491355896 35
1651501848519 0.9309759140014648 36
1651501858471 0.9301210641860962 37
1651501868347 0.9332919120788574 38
1651501878307 0.9378632307052612 39
1651501888262 0.9293919801712036 40
1651501898204 0.9358351230621338 41
1651501908361 0.9278061389923096 42
1651501918337 0.9407752156257629 43
1651501928301 0.9302788972854614 44
1651501938308 0.9364301562309265 45
1651501948237 0.9388247728347778 46
1651501958396 0.9388341307640076 47
1651501968349 0.9431259632110596 48
1651501978331 0.9415971040725708 49
1651501988285 0.9430347084999084 50
1651501998234 0.9454891681671143 51
1651502008176 0.9413509368896484 52
1651502018098 0.9338944554328918 53
1651502028185 0.9415395259857178 54
1651502038339 0.9471096396446228 55
1651502048258 0.9427475333213806 56
1651502058187 0.945426881313324 57
1651502068154 0.9435263276100159 58
1651502078089 0.9440715312957764 59
1651502088210 0.9412166476249695 60
1651502098125 0.9462313055992126 61
1651502108058 0.9459635615348816 62
1651502118037 0.9451723098754883 63
1651502127998 0.9413555264472961 64
1651502137923 0.9448034167289734 65
1651502147884 0.945022463798523 66
1651502157845 0.944608211517334 67
1651502167808 0.9458786845207214 68
1651502177767 0.9430215954780579 69
1651502187709 0.9476011991500854 70
1651502197655 0.9427393078804016 71
1651502207602 0.9461652636528015 72
1651502217547 0.9444295167922974 73
1651502227497 0.944879949092865 74
1651502237432 0.9474847316741943 75
1651502247605 0.9438634514808655 76
1651502257575 0.9502770900726318 77
1651502267559 0.9435854554176331 78
1651502277543 0.948716938495636 79
1651502287690 0.9505242705345154 80
1651502297655 0.9495304822921753 81
1651502307587 0.9432558417320251 82
1651502317526 0.9508883953094482 83
1651502327483 0.9480665922164917 84
1651502337399 0.9458544254302979 85
1651502347368 0.9500259757041931 86
1651502357300 0.9494946002960205 87
1651502367255 0.9490500092506409 88
1651502377199 0.9501813650131226 89
1651502387185 0.9481150507926941 90
1651502397131 0.94520103931427 91
1651502407067 0.9450971484184265 92
1651502417014 0.9518400430679321 93
1651502426984 0.9503993391990662 94
1651502436939 0.9497938752174377 95
1651502446879 0.951019287109375 96
1651502456856 0.9497498273849487 97
1651502466837 0.9508801698684692 98
1651502476838 0.9507025480270386 99
1651502486786 0.9446799755096436 100
1651502496761 0.9482522010803223 101
1651502506752 0.9537471532821655 102
1651502516868 0.9495946764945984 103
1651502526808 0.9491575956344604 104
1651502536929 0.9497821927070618 105
1651502546927 0.9518529176712036 106
1651502556899 0.9501808881759644 107
1651502566892 0.9491167068481445 108
1651502576914 0.9500491619110107 109
1651502586941 0.9480757713317871 110
1651502646929 0.9505242705345154 111
