1651501485265 0.7942422032356262 0
1651501495450 0.8208577036857605 1
1651501505687 0.8304710388183594 2
1651501515945 0.8566688895225525 3
1651501525991 0.8530500531196594 4
1651501536290 0.8520854711532593 5
1651501546303 0.8536883592605591 6
1651501556339 0.8593512773513794 7
1651501566358 0.859450101852417 8
1651501576407 0.8635135293006897 9
1651501586447 0.8693315386772156 10
1651501596702 0.8709127902984619 11
1651501606753 0.8793748617172241 12
1651501616777 0.880588948726654 13
1651501626983 0.8812976479530334 14
1651501637239 0.8786271810531616 15
1651501647433 0.8858989477157593 16
1651501657628 0.887000560760498 17
1651501667856 0.8850820660591125 18
1651501677886 0.8874079585075378 19
1651501688126 0.8914249539375305 20
1651501698135 0.8896737098693848 21
1651501708387 0.8918622136116028 22
1651501718424 0.8921884894371033 23
1651501728411 0.8913940191268921 24
1651501738450 0.8964678049087524 25
1651501748460 0.8970736861228943 26
1651501758448 0.8915582299232483 27
1651501768478 0.9022754430770874 28
1651501778434 0.896733283996582 29
1651501788386 0.8976889252662659 30
1651501798572 0.8927971720695496 31
1651501808760 0.8943160772323608 32
1651501818705 0.899461030960083 33
1651501828654 0.8961572647094727 34
1651501838599 0.897746205329895 35
1651501848519 0.9037147760391235 36
1651501858471 0.9009329676628113 37
1651501868347 0.8988910913467407 38
1651501878307 0.8985008597373962 39
1651501888262 0.9024485349655151 40
1651501898204 0.9018968343734741 41
1651501908361 0.9024033546447754 42
1651501918337 0.901786744594574 43
1651501928301 0.9033058285713196 44
1651501938308 0.9011891484260559 45
1651501948237 0.8987306952476501 46
1651501958396 0.905299723148346 47
1651501968349 0.9017928838729858 48
1651501978331 0.904207706451416 49
1651501988285 0.9060872793197632 50
1651501998234 0.9039026498794556 51
1651502008176 0.9008093476295471 52
1651502018098 0.910739004611969 53
1651502028185 0.903654158115387 54
1651502038339 0.9029535055160522 55
1651502048258 0.9070442318916321 56
1651502058187 0.908576488494873 57
1651502068154 0.9083414077758789 58
1651502078089 0.9100008606910706 59
1651502088210 0.9077844619750977 60
1651502098125 0.9074065089225769 61
1651502108058 0.9097661972045898 62
1651502118037 0.9074083566665649 63
1651502127998 0.9094511270523071 64
1651502137923 0.9090430736541748 65
1651502147884 0.9125317931175232 66
1651502157845 0.9111036658287048 67
1651502167808 0.9147452712059021 68
1651502177767 0.908345103263855 69
1651502187709 0.911077082157135 70
1651502197655 0.9109262824058533 71
1651502207602 0.9174760580062866 72
1651502217547 0.9129644632339478 73
1651502227497 0.9131451845169067 74
1651502237432 0.9153319001197815 75
1651502247605 0.9169649481773376 76
1651502257575 0.9138384461402893 77
1651502267559 0.9172541499137878 78
1651502277543 0.9125145077705383 79
1651502287690 0.9166129231452942 80
1651502297655 0.9127892255783081 81
1651502307587 0.9110788702964783 82
1651502317526 0.9130058884620667 83
1651502327483 0.9147841334342957 84
1651502337399 0.9188114404678345 85
1651502347368 0.9145837426185608 86
1651502357300 0.9184563159942627 87
1651502367255 0.9191441535949707 88
1651502377199 0.9169259667396545 89
1651502387185 0.9194363951683044 90
1651502397131 0.9158272743225098 91
1651502407067 0.9165903925895691 92
1651502417014 0.9184377789497375 93
1651502426984 0.9195632934570312 94
1651502436939 0.9180536270141602 95
1651502446879 0.9169507026672363 96
1651502456856 0.9191760420799255 97
1651502466837 0.9163102507591248 98
1651502476838 0.9171149730682373 99
1651502486786 0.9178747534751892 100
1651502496761 0.9197996854782104 101
1651502506752 0.9182325005531311 102
1651502516868 0.9196680188179016 103
1651502526808 0.9218631982803345 104
1651502536929 0.9176912903785706 105
1651502546927 0.9191871881484985 106
1651502556899 0.921857476234436 107
1651502566892 0.9195586442947388 108
1651502576914 0.9194717407226562 109
1651502586941 0.9215186238288879 110
1651502646929 0.9166129231452942 111
