1651501485265 6875598.0 0
1651501495450 8041649.0 1
1651501505687 8072329.0 2
1651501515945 7787395.0 3
1651501525991 7926729.0 4
1651501536290 8004795.0 5
1651501546303 7998211.0 6
1651501556339 7994035.0 7
1651501566358 8072072.0 8
1651501576407 8040666.0 9
1651501586447 7971658.0 10
1651501596702 8082156.0 11
1651501606753 8047385.0 12
1651501616777 8088954.0 13
1651501626983 8208921.0 14
1651501637239 8319021.0 15
1651501647433 8311035.0 16
1651501657628 8374103.0 17
1651501667856 8397858.0 18
1651501677886 8414895.0 19
1651501688126 8488181.0 20
1651501698135 8476228.0 21
1651501708387 8512247.0 22
1651501718424 8556738.0 23
1651501728411 8645589.0 24
1651501738450 8604483.0 25
1651501748460 8642209.0 26
1651501758448 8705119.0 27
1651501768478 8653359.0 28
1651501778434 8692663.0 29
1651501788386 8763166.0 30
1651501798572 8662674.0 31
1651501808760 8782129.0 32
1651501818705 8773636.0 33
1651501828654 8850864.0 34
1651501838599 8807196.0 35
1651501848519 8804611.0 36
1651501858471 8796724.0 37
1651501868347 8836402.0 38
1651501878307 8890898.0 39
1651501888262 8786622.0 40
1651501898204 8864240.0 41
1651501908361 8767502.0 42
1651501918337 8922745.0 43
1651501928301 8796568.0 44
1651501938308 8871865.0 45
1651501948237 8902053.0 46
1651501958396 8897222.0 47
1651501968349 8950324.0 48
1651501978331 8930671.0 49
1651501988285 8946261.0 50
1651501998234 8976511.0 51
1651502008176 8930216.0 52
1651502018098 8833894.0 53
1651502028185 8930390.0 54
1651502038339 8996007.0 55
1651502048258 8942211.0 56
1651502058187 8972669.0 57
1651502068154 8950483.0 58
1651502078089 8955767.0 59
1651502088210 8923611.0 60
1651502098125 8982869.0 61
1651502108058 8978179.0 62
1651502118037 8970463.0 63
1651502127998 8924055.0 64
1651502137923 8965033.0 65
1651502147884 8965265.0 66
1651502157845 8961343.0 67
1651502167808 8973894.0 68
1651502177767 8944532.0 69
1651502187709 8996531.0 70
1651502197655 8939392.0 71
1651502207602 8975482.0 72
1651502217547 8957972.0 73
1651502227497 8963170.0 74
1651502237432 8992444.0 75
1651502247605 8948532.0 76
1651502257575 9026119.0 77
1651502267559 8945028.0 78
1651502277543 9008688.0 79
1651502287690 9027339.0 80
1651502297655 9018033.0 81
1651502307587 8945395.0 82
1651502317526 9033753.0 83
1651502327483 8999635.0 84
1651502337399 8970920.0 85
1651502347368 9022732.0 86
1651502357300 9014134.0 87
1651502367255 9008476.0 88
1651502377199 9023132.0 89
1651502387185 8997265.0 90
1651502397131 8965165.0 91
1651502407067 8963424.0 92
1651502417014 9041663.0 93
1651502426984 9024098.0 94
1651502436939 9017898.0 95
1651502446879 9032933.0 96
1651502456856 9016695.0 97
1651502466837 9031686.0 98
1651502476838 9029126.0 99
1651502486786 8957611.0 100
1651502496761 8998656.0 101
1651502506752 9064053.0 102
1651502516868 9014568.0 103
1651502526808 9008062.0 104
1651502536929 9017982.0 105
1651502546927 9041376.0 106
1651502556899 9020141.0 107
1651502566892 9009005.0 108
1651502576914 9020036.0 109
1651502586941 8995485.0 110
1651502646929 9027339.0 111
