1651501485265 9169461.0 0
1651501495450 9476735.0 1
1651501505687 9587720.0 2
1651501515945 9890172.0 3
1651501525991 9848393.0 4
1651501536290 9837257.0 5
1651501546303 9855762.0 6
1651501556339 9921140.0 7
1651501566358 9922281.0 8
1651501576407 9969193.0 9
1651501586447 10036361.0 10
1651501596702 10054617.0 11
1651501606753 10152311.0 12
1651501616777 10166327.0 13
1651501626983 10174509.0 14
1651501637239 10143679.0 15
1651501647433 10227631.0 16
1651501657628 10240349.0 17
1651501667856 10218200.0 18
1651501677886 10245052.0 19
1651501688126 10291428.0 20
1651501698135 10271210.0 21
1651501708387 10296476.0 22
1651501718424 10300243.0 23
1651501728411 10291071.0 24
1651501738450 10349647.0 25
1651501748460 10356642.0 26
1651501758448 10292967.0 27
1651501768478 10416696.0 28
1651501778434 10352712.0 29
1651501788386 10363745.0 30
1651501798572 10307270.0 31
1651501808760 10324806.0 32
1651501818705 10384204.0 33
1651501828654 10346062.0 34
1651501838599 10364406.0 35
1651501848519 10433313.0 36
1651501858471 10401197.0 37
1651501868347 10377624.0 38
1651501878307 10373119.0 39
1651501888262 10418694.0 40
1651501898204 10412325.0 41
1651501908361 10418173.0 42
1651501918337 10411054.0 43
1651501928301 10428592.0 44
1651501938308 10404155.0 45
1651501948237 10375772.0 46
1651501958396 10451611.0 47
1651501968349 10411125.0 48
1651501978331 10439004.0 49
1651501988285 10460703.0 50
1651501998234 10435482.0 51
1651502008176 10399770.0 52
1651502018098 10514407.0 53
1651502028185 10432613.0 54
1651502038339 10424524.0 55
1651502048258 10471751.0 56
1651502058187 10489441.0 57
1651502068154 10486727.0 58
1651502078089 10505885.0 59
1651502088210 10480297.0 60
1651502098125 10475934.0 61
1651502108058 10503176.0 62
1651502118037 10475955.0 63
1651502127998 10499539.0 64
1651502137923 10494828.0 65
1651502147884 10535105.0 66
1651502157845 10518617.0 67
1651502167808 10560659.0 68
1651502177767 10486770.0 69
1651502187709 10518310.0 70
1651502197655 10516569.0 71
1651502207602 10592186.0 72
1651502217547 10540100.0 73
1651502227497 10542186.0 74
1651502237432 10567432.0 75
1651502247605 10586285.0 76
1651502257575 10550190.0 77
1651502267559 10589624.0 78
1651502277543 10534905.0 79
1651502287690 10582221.0 80
1651502297655 10538077.0 81
1651502307587 10518331.0 82
1651502317526 10540578.0 83
1651502327483 10561108.0 84
1651502337399 10607603.0 85
1651502347368 10558794.0 86
1651502357300 10603503.0 87
1651502367255 10611444.0 88
1651502377199 10585835.0 89
1651502387185 10614818.0 90
1651502397131 10573151.0 91
1651502407067 10581961.0 92
1651502417014 10603289.0 93
1651502426984 10616283.0 94
1651502436939 10598854.0 95
1651502446879 10586121.0 96
1651502456856 10611812.0 97
1651502466837 10578727.0 98
1651502476838 10588017.0 99
1651502486786 10596789.0 100
1651502496761 10619012.0 101
1651502506752 10600919.0 102
1651502516868 10617492.0 103
1651502526808 10642835.0 104
1651502536929 10594671.0 105
1651502546927 10611941.0 106
1651502556899 10642769.0 107
1651502566892 10616229.0 108
1651502576914 10615226.0 109
1651502586941 10638857.0 110
1651502646929 10582221.0 111
