1651499435174 0.8032902479171753 0
1651499438973 0.8018418550491333 1
1651499442773 0.8018418550491333 2
1651499446685 0.8018421530723572 3
1651499450545 0.8588556051254272 4
1651499454399 0.904617428779602 5
1651499458253 0.9126566648483276 6
1651499462128 0.9159401655197144 7
1651499465974 0.9162784814834595 8
1651499469810 0.9177700281143188 9
1651499473673 0.91888028383255 10
1651499477481 0.9196155071258545 11
1651499481322 0.9184064865112305 12
1651499485146 0.9196863770484924 13
1651499489009 0.9206159710884094 14
1651499492857 0.9214280247688293 15
1651499496735 0.9217604994773865 16
1651499500612 0.9222021102905273 17
1651499504475 0.9221363067626953 18
1651499508352 0.9234787821769714 19
1651499512141 0.9233269095420837 20
1651499515977 0.9232431650161743 21
1651499519831 0.9245471358299255 22
1651499523644 0.9241427183151245 23
1651499527471 0.9227367043495178 24
1651499531244 0.9237650036811829 25
1651499535058 0.9234239459037781 26
1651499538874 0.9253606796264648 27
1651499542655 0.9243395328521729 28
1651499546507 0.9249137043952942 29
1651499550325 0.9250025153160095 30
1651499554158 0.9252138137817383 31
1651499558019 0.9263546466827393 32
1651499561834 0.9260144233703613 33
1651499565593 0.9260834455490112 34
1651499569377 0.9263433218002319 35
1651499573194 0.9268122911453247 36
1651499576987 0.9254576563835144 37
1651499580847 0.9251439571380615 38
1651499584698 0.9258939623832703 39
1651499588518 0.9269168972969055 40
1651499592336 0.9271419644355774 41
1651499596118 0.927237868309021 42
1651499599937 0.9265127778053284 43
1651499603716 0.9273279309272766 44
1651499607524 0.9264537692070007 45
1651499611355 0.9278130531311035 46
1651499615137 0.9277064800262451 47
1651499618970 0.9280052781105042 48
1651499622772 0.9266512393951416 49
1651499626582 0.927960991859436 50
1651499630351 0.9279841184616089 51
1651499634201 0.9286469221115112 52
1651499638041 0.9279299378395081 53
1651499641849 0.9289396405220032 54
1651499645661 0.9286849498748779 55
1651499649474 0.9288445711135864 56
1651499653304 0.9287468791007996 57
1651499657127 0.9282156825065613 58
1651499660973 0.9287673830986023 59
1651499664751 0.9283571839332581 60
1651499668551 0.9289219975471497 61
1651499672396 0.9290997385978699 62
1651499676171 0.9290227293968201 63
1651499680014 0.9282740354537964 64
1651499683811 0.9293611645698547 65
1651499687600 0.9292733669281006 66
1651499691434 0.9290722012519836 67
1651499695204 0.9291123151779175 68
1651499699069 0.9285368323326111 69
1651499702877 0.929218053817749 70
1651499706651 0.9287232756614685 71
1651499710516 0.9282680749893188 72
1651499714344 0.9294595122337341 73
1651499718192 0.9299022555351257 74
1651499722024 0.9298304319381714 75
1651499725838 0.9301559329032898 76
1651499729647 0.9297289252281189 77
1651499733456 0.9305791258811951 78
1651499737262 0.929581880569458 79
1651499741072 0.9295647740364075 80
1651499744868 0.9306012988090515 81
1651499748659 0.9304175972938538 82
1651499752478 0.9305170178413391 83
1651499756285 0.929920494556427 84
1651499760117 0.9312925338745117 85
1651499763885 0.9306405782699585 86
1651499767685 0.9292997121810913 87
1651499771463 0.9305278658866882 88
1651499775231 0.9296915531158447 89
1651499779044 0.9314723610877991 90
1651499782825 0.9308554530143738 91
1651499786625 0.9306535124778748 92
1651499790437 0.9308679103851318 93
1651499794248 0.9312414526939392 94
1651499798056 0.9316487908363342 95
1651499801830 0.9308661222457886 96
1651499805611 0.9305745959281921 97
1651499809367 0.9306012988090515 98
1651499813138 0.9307599067687988 99
1651499816932 0.9321581721305847 100
1651499820743 0.930603563785553 101
1651499824556 0.9311591386795044 102
1651499828376 0.931141197681427 103
1651499832187 0.931368887424469 104
1651499836011 0.9321914911270142 105
1651499839787 0.93232262134552 106
1651499843601 0.9318675994873047 107
1651499847415 0.9309372901916504 108
1651499851165 0.9311939477920532 109
1651499854954 0.9319443702697754 110
1651499858713 0.9313661456108093 111
1651499862453 0.9311124086380005 112
1651499866236 0.9320939779281616 113
1651499870035 0.9308381676673889 114
1651499873820 0.9316843748092651 115
1651499877569 0.9317994713783264 116
1651499881319 0.9317930340766907 117
1651499885094 0.9325457811355591 118
1651499899583 0.9305278658866882 119
