1651499435174 0.46381673216819763 0
1651499438973 0.7643687725067139 1
1651499442773 0.8913369178771973 2
1651499446685 0.9076493978500366 3
1651499450545 0.9179256558418274 4
1651499454399 0.9282780289649963 5
1651499458253 0.9314278960227966 6
1651499462128 0.9344760179519653 7
1651499465974 0.9354282021522522 8
1651499469810 0.9352990388870239 9
1651499473673 0.9400809407234192 10
1651499477481 0.944368302822113 11
1651499481322 0.9426774382591248 12
1651499485146 0.9448478817939758 13
1651499489009 0.9460054039955139 14
1651499492857 0.9467560052871704 15
1651499496735 0.9464966654777527 16
1651499500612 0.9484216570854187 17
1651499504475 0.9488826990127563 18
1651499508352 0.9514056444168091 19
1651499512141 0.9509761333465576 20
1651499515977 0.9506781697273254 21
1651499519831 0.9519830346107483 22
1651499523644 0.9519563913345337 23
1651499527471 0.9485384821891785 24
1651499531244 0.9511902928352356 25
1651499535058 0.9515336155891418 26
1651499538874 0.953058660030365 27
1651499542655 0.9531508684158325 28
1651499546507 0.9540414810180664 29
1651499550325 0.9542577266693115 30
1651499554158 0.954610288143158 31
1651499558019 0.9556695222854614 32
1651499561834 0.956312894821167 33
1651499565593 0.9564356803894043 34
1651499569377 0.9569093585014343 35
1651499573194 0.9571135640144348 36
1651499576987 0.955136239528656 37
1651499580847 0.9554169774055481 38
1651499584698 0.9575614333152771 39
1651499588518 0.9570960402488708 40
1651499592336 0.9578275084495544 41
1651499596118 0.9587996602058411 42
1651499599937 0.959140419960022 43
1651499603716 0.958496630191803 44
1651499607524 0.9570155143737793 45
1651499611355 0.9586963653564453 46
1651499615137 0.958572268486023 47
1651499618970 0.9591876268386841 48
1651499622772 0.9566044211387634 49
1651499626582 0.9594864845275879 50
1651499630351 0.9596523642539978 51
1651499634201 0.9592297673225403 52
1651499638041 0.9593871235847473 53
1651499641849 0.9596909880638123 54
1651499645661 0.9597229361534119 55
1651499649474 0.9601045846939087 56
1651499653304 0.9589443206787109 57
1651499657127 0.9593248963356018 58
1651499660973 0.9603447318077087 59
1651499664751 0.9606736898422241 60
1651499668551 0.9621697664260864 61
1651499672396 0.9606413841247559 62
1651499676171 0.9609982371330261 63
1651499680014 0.95999675989151 64
1651499683811 0.9607916474342346 65
1651499687600 0.9613705277442932 66
1651499691434 0.9594963192939758 67
1651499695204 0.9598210453987122 68
1651499699069 0.9607226252555847 69
1651499702877 0.9609547853469849 70
1651499706651 0.9607987403869629 71
1651499710516 0.9594414234161377 72
1651499714344 0.9611854553222656 73
1651499718192 0.9615715742111206 74
1651499722024 0.9609577655792236 75
1651499725838 0.9618312120437622 76
1651499729647 0.9622067809104919 77
1651499733456 0.961894154548645 78
1651499737262 0.9618037343025208 79
1651499741072 0.9618713855743408 80
1651499744868 0.961517870426178 81
1651499748659 0.9632303714752197 82
1651499752478 0.9623970985412598 83
1651499756285 0.9618097543716431 84
1651499760117 0.962916374206543 85
1651499763885 0.9630179405212402 86
1651499767685 0.9613387584686279 87
1651499771463 0.9626175761222839 88
1651499775231 0.96271151304245 89
1651499779044 0.9639458656311035 90
1651499782825 0.9630757570266724 91
1651499786625 0.9630240797996521 92
1651499790437 0.963070273399353 93
1651499794248 0.9630683064460754 94
1651499798056 0.9644866585731506 95
1651499801830 0.9627434015274048 96
1651499805611 0.9635928869247437 97
1651499809367 0.9632050395011902 98
1651499813138 0.963070809841156 99
1651499816932 0.9645079374313354 100
1651499820743 0.9633238911628723 101
1651499824556 0.9633981585502625 102
1651499828376 0.9642289280891418 103
1651499832187 0.9647522568702698 104
1651499836011 0.9639440178871155 105
1651499839787 0.9645352959632874 106
1651499843601 0.9651928544044495 107
1651499847415 0.9644920825958252 108
1651499851165 0.964627742767334 109
1651499854954 0.9647075533866882 110
1651499858713 0.9649175405502319 111
1651499862453 0.964400589466095 112
1651499866236 0.9645382165908813 113
1651499870035 0.9641849398612976 114
1651499873820 0.9651901125907898 115
1651499877569 0.9644553661346436 116
1651499881319 0.9640433192253113 117
1651499885094 0.9653134942054749 118
1651499899583 0.9626175761222839 119
