1651499435174 9714.0 0
1651499438973 0.0 1
1651499442773 0.0 2
1651499446685 0.0 3
1651499450545 87388.0 4
1651499454399 169384.0 5
1651499458253 183346.0 6
1651499462128 198090.0 7
1651499465974 213543.0 8
1651499469810 213634.0 9
1651499473673 215519.0 10
1651499477481 193953.0 11
1651499481322 197304.0 12
1651499485146 193559.0 13
1651499489009 202688.0 14
1651499492857 187297.0 15
1651499496735 198841.0 16
1651499500612 197082.0 17
1651499504475 186841.0 18
1651499508352 196968.0 19
1651499512141 187028.0 20
1651499515977 195255.0 21
1651499519831 190709.0 22
1651499523644 190641.0 23
1651499527471 193491.0 24
1651499531244 190881.0 25
1651499535058 184995.0 26
1651499538874 192022.0 27
1651499542655 183231.0 28
1651499546507 193625.0 29
1651499550325 185690.0 30
1651499554158 187143.0 31
1651499558019 187183.0 32
1651499561834 195295.0 33
1651499565593 189557.0 34
1651499569377 185639.0 35
1651499573194 188906.0 36
1651499576987 191031.0 37
1651499580847 189260.0 38
1651499584698 192485.0 39
1651499588518 188578.0 40
1651499592336 187326.0 41
1651499596118 187944.0 42
1651499599937 188876.0 43
1651499603716 184614.0 44
1651499607524 188263.0 45
1651499611355 184064.0 46
1651499615137 182994.0 47
1651499618970 180303.0 48
1651499622772 185794.0 49
1651499626582 189709.0 50
1651499630351 182500.0 51
1651499634201 184940.0 52
1651499638041 186167.0 53
1651499641849 186888.0 54
1651499645661 186985.0 55
1651499649474 179740.0 56
1651499653304 183633.0 57
1651499657127 187485.0 58
1651499660973 187349.0 59
1651499664751 184627.0 60
1651499668551 186732.0 61
1651499672396 182345.0 62
1651499676171 192059.0 63
1651499680014 180285.0 64
1651499683811 180848.0 65
1651499687600 184268.0 66
1651499691434 176678.0 67
1651499695204 189496.0 68
1651499699069 176862.0 69
1651499702877 181406.0 70
1651499706651 188671.0 71
1651499710516 193953.0 72
1651499714344 180343.0 73
1651499718192 187852.0 74
1651499722024 182459.0 75
1651499725838 180308.0 76
1651499729647 185152.0 77
1651499733456 181296.0 78
1651499737262 190301.0 79
1651499741072 180221.0 80
1651499744868 182968.0 81
1651499748659 186230.0 82
1651499752478 180940.0 83
1651499756285 181943.0 84
1651499760117 187413.0 85
1651499763885 183102.0 86
1651499767685 179794.0 87
1651499771463 183077.0 88
1651499775231 188062.0 89
1651499779044 180560.0 90
1651499782825 180626.0 91
1651499786625 180001.0 92
1651499790437 182345.0 93
1651499794248 183213.0 94
1651499798056 185793.0 95
1651499801830 183507.0 96
1651499805611 188256.0 97
1651499809367 179320.0 98
1651499813138 175257.0 99
1651499816932 188397.0 100
1651499820743 186978.0 101
1651499824556 176645.0 102
1651499828376 182168.0 103
1651499832187 184350.0 104
1651499836011 176919.0 105
1651499839787 176678.0 106
1651499843601 184982.0 107
1651499847415 186255.0 108
1651499851165 186186.0 109
1651499854954 178112.0 110
1651499858713 185041.0 111
1651499862453 179572.0 112
1651499866236 169938.0 113
1651499870035 189824.0 114
1651499873820 181884.0 115
1651499877569 184634.0 116
1651499881319 178708.0 117
1651499885094 178301.0 118
1651499899583 183077.0 119
