1651499435174 1863945.0 0
1651499438973 1225448.0 1
1651499442773 1225448.0 2
1651499446685 1225446.0 3
1651499450545 785476.0 4
1651499454399 420480.0 5
1651499458253 356802.0 6
1651499462128 321752.0 7
1651499465974 304207.0 8
1651499469810 294892.0 9
1651499473673 286141.0 10
1651499477481 303160.0 11
1651499481322 307286.0 12
1651499485146 303116.0 13
1651499489009 288238.0 14
1651499492857 298607.0 15
1651499496735 285007.0 16
1651499500612 284035.0 17
1651499504475 294683.0 18
1651499508352 276254.0 19
1651499512141 287133.0 20
1651499515977 279424.0 21
1651499519831 275906.0 22
1651499523644 278475.0 23
1651499527471 284320.0 24
1651499531244 280571.0 25
1651499535058 288566.0 26
1651499538874 269562.0 27
1651499542655 284668.0 28
1651499546507 270723.0 29
1651499550325 278109.0 30
1651499554158 275349.0 31
1651499558019 268254.0 32
1651499561834 262246.0 33
1651499565593 267557.0 34
1651499569377 269868.0 35
1651499573194 263701.0 36
1651499576987 269953.0 37
1651499580847 273664.0 38
1651499584698 265801.0 39
1651499588518 263382.0 40
1651499592336 263242.0 41
1651499596118 262031.0 42
1651499599937 265583.0 43
1651499603716 264804.0 44
1651499607524 266561.0 45
1651499611355 262354.0 46
1651499615137 264083.0 47
1651499618970 264926.0 48
1651499622772 267809.0 49
1651499626582 255794.0 50
1651499630351 262860.0 51
1651499634201 256321.0 52
1651499638041 259528.0 53
1651499641849 252563.0 54
1651499645661 254041.0 55
1651499649474 260299.0 56
1651499653304 257010.0 57
1651499657127 256443.0 58
1651499660973 253167.0 59
1651499664751 258426.0 60
1651499668551 252828.0 61
1651499672396 256116.0 62
1651499676171 246878.0 63
1651499680014 263282.0 64
1651499683811 255996.0 65
1651499687600 253119.0 66
1651499691434 261953.0 67
1651499695204 248887.0 68
1651499699069 265080.0 69
1651499702877 256323.0 70
1651499706651 252118.0 71
1651499710516 249651.0 72
1651499714344 255893.0 73
1651499718192 245646.0 74
1651499722024 251483.0 75
1651499725838 251621.0 76
1651499729647 249418.0 77
1651499733456 248016.0 78
1651499737262 245178.0 79
1651499741072 255364.0 80
1651499744868 246207.0 81
1651499748659 244081.0 82
1651499752478 248756.0 83
1651499756285 251442.0 84
1651499760117 237487.0 85
1651499763885 245830.0 86
1651499767685 257430.0 87
1651499771463 246552.0 88
1651499775231 246739.0 89
1651499779044 243228.0 90
1651499782825 246977.0 91
1651499786625 248851.0 92
1651499790437 245181.0 93
1651499794248 242003.0 94
1651499798056 236904.0 95
1651499801830 244030.0 96
1651499805611 241084.0 97
1651499809367 249855.0 98
1651499813138 252937.0 99
1651499816932 231150.0 100
1651499820743 242183.0 101
1651499824556 249080.0 102
1651499828376 243668.0 103
1651499832187 240078.0 104
1651499836011 242422.0 105
1651499839787 241852.0 106
1651499843601 236362.0 107
1651499847415 240842.0 108
1651499851165 239324.0 109
1651499854954 242757.0 110
1651499858713 239404.0 111
1651499862453 246442.0 112
1651499866236 250006.0 113
1651499870035 237886.0 114
1651499873820 240593.0 115
1651499877569 237131.0 116
1651499881319 243097.0 117
1651499885094 238849.0 118
1651499899583 246552.0 119
