1651499435174 0.588809609413147 0
1651499438973 0.431898295879364 1
1651499442773 0.3326854109764099 2
1651499446685 0.3108571469783783 3
1651499450545 0.29621559381484985 4
1651499454399 0.2824569046497345 5
1651499458253 0.2755357623100281 6
1651499462128 0.26899632811546326 7
1651499465974 0.2640765905380249 8
1651499469810 0.25745007395744324 9
1651499473673 0.22577786445617676 10
1651499477481 0.2186199575662613 11
1651499481322 0.2212887704372406 12
1651499485146 0.21791668236255646 13
1651499489009 0.21583005785942078 14
1651499492857 0.21399663388729095 15
1651499496735 0.21446409821510315 16
1651499500612 0.21129903197288513 17
1651499504475 0.21066708862781525 18
1651499508352 0.2070377767086029 19
1651499512141 0.20788590610027313 20
1651499515977 0.20846174657344818 21
1651499519831 0.2053978145122528 22
1651499523644 0.20564614236354828 23
1651499527471 0.21065860986709595 24
1651499531244 0.20716185867786407 25
1651499535058 0.2068694680929184 26
1651499538874 0.2032967060804367 27
1651499542655 0.20395156741142273 28
1651499546507 0.20240518450737 29
1651499550325 0.20204630494117737 30
1651499554158 0.20132651925086975 31
1651499558019 0.19889649748802185 32
1651499561834 0.19838066399097443 33
1651499565593 0.19809333980083466 34
1651499569377 0.19728757441043854 35
1651499573194 0.19663265347480774 36
1651499576987 0.19999569654464722 37
1651499580847 0.20019730925559998 38
1651499584698 0.19650153815746307 39
1651499588518 0.1961648166179657 40
1651499592336 0.19541065394878387 41
1651499596118 0.19375862181186676 42
1651499599937 0.19351311028003693 43
1651499603716 0.19409728050231934 44
1651499607524 0.19649837911128998 45
1651499611355 0.19382956624031067 46
1651499615137 0.19403794407844543 47
1651499618970 0.19238299131393433 48
1651499622772 0.1972217559814453 49
1651499626582 0.1922224909067154 50
1651499630351 0.19188256561756134 51
1651499634201 0.19220174849033356 52
1651499638041 0.1921919286251068 53
1651499641849 0.19114720821380615 54
1651499645661 0.19090509414672852 55
1651499649474 0.19053758680820465 56
1651499653304 0.19182269275188446 57
1651499657127 0.19186562299728394 58
1651499660973 0.18980728089809418 59
1651499664751 0.18970343470573425 60
1651499668551 0.18707460165023804 61
1651499672396 0.18926043808460236 62
1651499676171 0.18872663378715515 63
1651499680014 0.19066709280014038 64
1651499683811 0.18908648192882538 65
1651499687600 0.18815526366233826 66
1651499691434 0.19068336486816406 67
1651499695204 0.19033458828926086 68
1651499699069 0.1896602213382721 69
1651499702877 0.1889176219701767 70
1651499706651 0.18914754688739777 71
1651499710516 0.1910012811422348 72
1651499714344 0.18804219365119934 73
1651499718192 0.18688607215881348 74
1651499722024 0.18832352757453918 75
1651499725838 0.1867276132106781 76
1651499729647 0.18618075549602509 77
1651499733456 0.18648244440555573 78
1651499737262 0.18700921535491943 79
1651499741072 0.18751105666160583 80
1651499744868 0.1866869181394577 81
1651499748659 0.18439951539039612 82
1651499752478 0.18537569046020508 83
1651499756285 0.18685375154018402 84
1651499760117 0.18405985832214355 85
1651499763885 0.18426579236984253 86
1651499767685 0.18736544251441956 87
1651499771463 0.18517658114433289 88
1651499775231 0.1855444461107254 89
1651499779044 0.18244850635528564 90
1651499782825 0.1838834434747696 91
1651499786625 0.18372982740402222 92
1651499790437 0.1840371936559677 93
1651499794248 0.18390528857707977 94
1651499798056 0.18113885819911957 95
1651499801830 0.18450744450092316 96
1651499805611 0.18351176381111145 97
1651499809367 0.1837487816810608 98
1651499813138 0.18390262126922607 99
1651499816932 0.180792897939682 100
1651499820743 0.1836845427751541 101
1651499824556 0.18298758566379547 102
1651499828376 0.18186518549919128 103
1651499832187 0.18077325820922852 104
1651499836011 0.1815604567527771 105
1651499839787 0.1807817965745926 106
1651499843601 0.17978544533252716 107
1651499847415 0.18151475489139557 108
1651499851165 0.1807718425989151 109
1651499854954 0.1803550273180008 110
1651499858713 0.18006788194179535 111
1651499862453 0.18141072988510132 112
1651499866236 0.1803457885980606 113
1651499870035 0.18219853937625885 114
1651499873820 0.1797226518392563 115
1651499877569 0.18082602322101593 116
1651499881319 0.18154874444007874 117
1651499885094 0.17881691455841064 118
1651499899583 0.18517658114433289 119
