1651499435174 0.8040529489517212 0
1651499438973 0.8018418550491333 1
1651499442773 0.8018418550491333 2
1651499446685 0.8018420934677124 3
1651499450545 0.8611456155776978 4
1651499454399 0.9192911982536316 5
1651499458253 0.9304777383804321 6
1651499462128 0.9366929531097412 7
1651499465974 0.9397539496421814 8
1651499469810 0.9414896965026855 9
1651499473673 0.943105936050415 10
1651499477481 0.9401809573173523 11
1651499481322 0.9393761157989502 12
1651499485146 0.940193772315979 13
1651499489009 0.9428585767745972 14
1651499492857 0.9411037564277649 15
1651499496735 0.9435060024261475 16
1651499500612 0.9437074661254883 17
1651499504475 0.9418379664421082 18
1651499508352 0.945166289806366 19
1651499512141 0.9432414174079895 20
1651499515977 0.9445907473564148 21
1651499519831 0.945299506187439 22
1651499523644 0.9448190331459045 23
1651499527471 0.9436942338943481 24
1651499531244 0.9444241523742676 25
1651499535058 0.9429972171783447 26
1651499538874 0.9464760422706604 27
1651499542655 0.9437435269355774 28
1651499546507 0.9462407827377319 29
1651499550325 0.9449415802955627 30
1651499554158 0.9454424977302551 31
1651499558019 0.9467730522155762 32
1651499561834 0.94781893491745 33
1651499565593 0.946878969669342 34
1651499569377 0.9464863538742065 35
1651499573194 0.9476112127304077 36
1651499576987 0.9464130997657776 37
1651499580847 0.9457354545593262 38
1651499584698 0.9471784830093384 39
1651499588518 0.9476746916770935 40
1651499592336 0.9477140307426453 41
1651499596118 0.9479356408119202 42
1651499599937 0.9472573399543762 43
1651499603716 0.9474484324455261 44
1651499607524 0.9470798373222351 45
1651499611355 0.9479149580001831 46
1651499615137 0.9476008415222168 47
1651499618970 0.9474704265594482 48
1651499622772 0.946871280670166 49
1651499626582 0.9490939974784851 50
1651499630351 0.9478359818458557 51
1651499634201 0.949042797088623 52
1651499638041 0.9484255313873291 53
1651499641849 0.9497328996658325 54
1651499645661 0.9494526386260986 55
1651499649474 0.9483462572097778 56
1651499653304 0.9489260911941528 57
1651499657127 0.948993980884552 58
1651499660973 0.9496141076087952 59
1651499664751 0.9486490488052368 60
1651499668551 0.9496843814849854 61
1651499672396 0.9491077661514282 62
1651499676171 0.9507579803466797 63
1651499680014 0.9477795362472534 64
1651499683811 0.949145495891571 65
1651499687600 0.9496540427207947 66
1651499691434 0.9480665922164917 67
1651499695204 0.9504024982452393 68
1651499699069 0.9474773406982422 69
1651499702877 0.9490782022476196 70
1651499706651 0.9497991800308228 71
1651499710516 0.950213611125946 72
1651499714344 0.9491700530052185 73
1651499718192 0.9510327577590942 74
1651499722024 0.9499812126159668 75
1651499725838 0.9499765038490295 76
1651499729647 0.9503449201583862 77
1651499733456 0.9506481289863586 78
1651499737262 0.9510976076126099 79
1651499741072 0.949271023273468 80
1651499744868 0.95097416639328 81
1651499748659 0.9513452649116516 82
1651499752478 0.9505116939544678 83
1651499756285 0.9499940872192383 84
1651499760117 0.9525862336158752 85
1651499763885 0.9510442614555359 86
1651499767685 0.9488859176635742 87
1651499771463 0.9509077668190002 88
1651499775231 0.9508235454559326 89
1651499779044 0.9515618085861206 90
1651499782825 0.9508512616157532 91
1651499786625 0.9505029916763306 92
1651499790437 0.9511745572090149 93
1651499794248 0.9517685174942017 94
1651499798056 0.9527124166488647 95
1651499801830 0.9513813257217407 96
1651499805611 0.9518945217132568 97
1651499809367 0.9503199458122253 98
1651499813138 0.9497784376144409 99
1651499816932 0.9537838101387024 100
1651499820743 0.9516981244087219 101
1651499824556 0.9504927396774292 102
1651499828376 0.9514629244804382 103
1651499832187 0.9521229863166809 104
1651499836011 0.9517495632171631 105
1651499839787 0.9518598914146423 106
1651499843601 0.9528231024742126 107
1651499847415 0.9519596695899963 108
1651499851165 0.9522486925125122 109
1651499854954 0.9516746401786804 110
1651499858713 0.9522444009780884 111
1651499862453 0.9509627819061279 112
1651499866236 0.9503839612007141 113
1651499870035 0.9524874687194824 114
1651499873820 0.9520487785339355 115
1651499877569 0.9526801705360413 116
1651499881319 0.9516044855117798 117
1651499885094 0.95241379737854 118
1651499899583 0.9509077668190002 119
