1651499435174 0.9987315535545349 0
1651499438973 1.0 1
1651499442773 1.0 2
1651499446685 1.0 3
1651499450545 0.9823769927024841 4
1651499454399 0.9658413529396057 5
1651499458253 0.963025689125061 6
1651499462128 0.9600523710250854 7
1651499465974 0.9569360613822937 8
1651499469810 0.9569177031517029 9
1651499473673 0.9565376043319702 10
1651499477481 0.9608866572380066 11
1651499481322 0.960210919380188 12
1651499485146 0.9609661102294922 13
1651499489009 0.9591251611709595 14
1651499492857 0.9622289538383484 15
1651499496735 0.9599009156227112 16
1651499500612 0.9602556824684143 17
1651499504475 0.9623209238052368 18
1651499508352 0.9602786302566528 19
1651499512141 0.962283194065094 20
1651499515977 0.960624098777771 21
1651499519831 0.9615408778190613 22
1651499523644 0.9615545868873596 23
1651499527471 0.9609798192977905 24
1651499531244 0.961506187915802 25
1651499535058 0.9626931548118591 26
1651499538874 0.9612760543823242 27
1651499542655 0.9630489349365234 28
1651499546507 0.9609528183937073 29
1651499550325 0.9625530242919922 30
1651499554158 0.9622600078582764 31
1651499558019 0.9622519612312317 32
1651499561834 0.9606160521507263 33
1651499565593 0.961773157119751 34
1651499569377 0.9625632762908936 35
1651499573194 0.9619044661521912 36
1651499576987 0.9614759087562561 37
1651499580847 0.9618330597877502 38
1651499584698 0.961182713508606 39
1651499588518 0.9619706273078918 40
1651499592336 0.9622231125831604 41
1651499596118 0.9620984792709351 42
1651499599937 0.9619105458259583 43
1651499603716 0.9627699851989746 44
1651499607524 0.9620341658592224 45
1651499611355 0.9628809094429016 46
1651499615137 0.9630966782569885 47
1651499618970 0.9636393785476685 48
1651499622772 0.9625320434570312 49
1651499626582 0.9617425203323364 50
1651499630351 0.963196337223053 51
1651499634201 0.9627042412757874 52
1651499638041 0.9624568223953247 53
1651499641849 0.9623114466667175 54
1651499645661 0.9622918367385864 55
1651499649474 0.9637529253959656 56
1651499653304 0.9629678130149841 57
1651499657127 0.9621910452842712 58
1651499660973 0.9622184634208679 59
1651499664751 0.9627673625946045 60
1651499668551 0.9623428583145142 61
1651499672396 0.9632275700569153 62
1651499676171 0.9612686038017273 63
1651499680014 0.9636430144309998 64
1651499683811 0.9635294675827026 65
1651499687600 0.9628397822380066 66
1651499691434 0.9643704295158386 67
1651499695204 0.9617854952812195 68
1651499699069 0.9643332958221436 69
1651499702877 0.9634169340133667 70
1651499706651 0.9619518518447876 71
1651499710516 0.9608866572380066 72
1651499714344 0.9636313319206238 73
1651499718192 0.9621170163154602 74
1651499722024 0.9632046222686768 75
1651499725838 0.9636383652687073 76
1651499729647 0.9626615047454834 77
1651499733456 0.9634391069412231 78
1651499737262 0.9616231322288513 79
1651499741072 0.9636558890342712 80
1651499744868 0.9631019234657288 81
1651499748659 0.9624441266059875 82
1651499752478 0.9635109305381775 83
1651499756285 0.9633086323738098 84
1651499760117 0.9622055292129517 85
1651499763885 0.9630749225616455 86
1651499767685 0.9637420177459717 87
1651499771463 0.9630799889564514 88
1651499775231 0.9620746970176697 89
1651499779044 0.9635875821113586 90
1651499782825 0.963574230670929 91
1651499786625 0.9637002944946289 92
1651499790437 0.9632275700569153 93
1651499794248 0.96305251121521 94
1651499798056 0.9625322222709656 95
1651499801830 0.9629932641983032 96
1651499805611 0.9620355367660522 97
1651499809367 0.9638376235961914 98
1651499813138 0.9646569490432739 99
1651499816932 0.9620071053504944 100
1651499820743 0.962293267250061 101
1651499824556 0.9643770456314087 102
1651499828376 0.9632632732391357 103
1651499832187 0.9628232717514038 104
1651499836011 0.9643217921257019 105
1651499839787 0.9643704295158386 106
1651499843601 0.9626957774162292 107
1651499847415 0.9624390602111816 108
1651499851165 0.9624530076980591 109
1651499854954 0.9640812277793884 110
1651499858713 0.962683916091919 111
1651499862453 0.963786780834198 112
1651499866236 0.9657296538352966 113
1651499870035 0.9617193341255188 114
1651499873820 0.9633205533027649 115
1651499877569 0.9627659916877747 116
1651499881319 0.9639610648155212 117
1651499885094 0.964043140411377 118
1651499899583 0.9630799889564514 119
