1651499435174 2786.0 0
1651499438973 0.0 1
1651499442773 0.0 2
1651499446685 2.0 3
1651499450545 439972.0 4
1651499454399 804968.0 5
1651499458253 868646.0 6
1651499462128 903696.0 7
1651499465974 921241.0 8
1651499469810 930556.0 9
1651499473673 939307.0 10
1651499477481 922288.0 11
1651499481322 918162.0 12
1651499485146 922332.0 13
1651499489009 937210.0 14
1651499492857 926841.0 15
1651499496735 940441.0 16
1651499500612 941413.0 17
1651499504475 930765.0 18
1651499508352 949194.0 19
1651499512141 938315.0 20
1651499515977 946024.0 21
1651499519831 949542.0 22
1651499523644 946973.0 23
1651499527471 941128.0 24
1651499531244 944877.0 25
1651499535058 936882.0 26
1651499538874 955886.0 27
1651499542655 940780.0 28
1651499546507 954725.0 29
1651499550325 947339.0 30
1651499554158 950099.0 31
1651499558019 957194.0 32
1651499561834 963202.0 33
1651499565593 957891.0 34
1651499569377 955580.0 35
1651499573194 961747.0 36
1651499576987 955495.0 37
1651499580847 951784.0 38
1651499584698 959647.0 39
1651499588518 962066.0 40
1651499592336 962206.0 41
1651499596118 963417.0 42
1651499599937 959865.0 43
1651499603716 960644.0 44
1651499607524 958887.0 45
1651499611355 963094.0 46
1651499615137 961365.0 47
1651499618970 960522.0 48
1651499622772 957639.0 49
1651499626582 969654.0 50
1651499630351 962588.0 51
1651499634201 969127.0 52
1651499638041 965920.0 53
1651499641849 972885.0 54
1651499645661 971407.0 55
1651499649474 965149.0 56
1651499653304 968438.0 57
1651499657127 969005.0 58
1651499660973 972281.0 59
1651499664751 967022.0 60
1651499668551 972620.0 61
1651499672396 969332.0 62
1651499676171 978570.0 63
1651499680014 962166.0 64
1651499683811 969452.0 65
1651499687600 972329.0 66
1651499691434 963495.0 67
1651499695204 976561.0 68
1651499699069 960368.0 69
1651499702877 969125.0 70
1651499706651 973330.0 71
1651499710516 975797.0 72
1651499714344 969555.0 73
1651499718192 979802.0 74
1651499722024 973965.0 75
1651499725838 973827.0 76
1651499729647 976030.0 77
1651499733456 977432.0 78
1651499737262 980270.0 79
1651499741072 970084.0 80
1651499744868 979241.0 81
1651499748659 981367.0 82
1651499752478 976692.0 83
1651499756285 974006.0 84
1651499760117 987961.0 85
1651499763885 979618.0 86
1651499767685 968018.0 87
1651499771463 978896.0 88
1651499775231 978709.0 89
1651499779044 982220.0 90
1651499782825 978471.0 91
1651499786625 976597.0 92
1651499790437 980267.0 93
1651499794248 983445.0 94
1651499798056 988544.0 95
1651499801830 981418.0 96
1651499805611 984364.0 97
1651499809367 975593.0 98
1651499813138 972511.0 99
1651499816932 994298.0 100
1651499820743 983265.0 101
1651499824556 976368.0 102
1651499828376 981780.0 103
1651499832187 985370.0 104
1651499836011 983026.0 105
1651499839787 983596.0 106
1651499843601 989086.0 107
1651499847415 984606.0 108
1651499851165 986124.0 109
1651499854954 982691.0 110
1651499858713 986044.0 111
1651499862453 979006.0 112
1651499866236 975442.0 113
1651499870035 987562.0 114
1651499873820 984855.0 115
1651499877569 988317.0 116
1651499881319 982351.0 117
1651499885094 986599.0 118
1651499899583 978896.0 119
