1651499435174 7648547.0 0
1651499438973 4958744.0 1
1651499442773 4958744.0 2
1651499446685 4958744.0 3
1651499450545 4871356.0 4
1651499454399 4789360.0 5
1651499458253 4775398.0 6
1651499462128 4760654.0 7
1651499465974 4745201.0 8
1651499469810 4745110.0 9
1651499473673 4743225.0 10
1651499477481 4764791.0 11
1651499481322 4761440.0 12
1651499485146 4765185.0 13
1651499489009 4756056.0 14
1651499492857 4771447.0 15
1651499496735 4759903.0 16
1651499500612 4761662.0 17
1651499504475 4771903.0 18
1651499508352 4761776.0 19
1651499512141 4771716.0 20
1651499515977 4763489.0 21
1651499519831 4768035.0 22
1651499523644 4768103.0 23
1651499527471 4765253.0 24
1651499531244 4767863.0 25
1651499535058 4773749.0 26
1651499538874 4766722.0 27
1651499542655 4775513.0 28
1651499546507 4765119.0 29
1651499550325 4773054.0 30
1651499554158 4771601.0 31
1651499558019 4771561.0 32
1651499561834 4763449.0 33
1651499565593 4769187.0 34
1651499569377 4773105.0 35
1651499573194 4769838.0 36
1651499576987 4767713.0 37
1651499580847 4769484.0 38
1651499584698 4766259.0 39
1651499588518 4770166.0 40
1651499592336 4771418.0 41
1651499596118 4770800.0 42
1651499599937 4769868.0 43
1651499603716 4774130.0 44
1651499607524 4770481.0 45
1651499611355 4774680.0 46
1651499615137 4775750.0 47
1651499618970 4778441.0 48
1651499622772 4772950.0 49
1651499626582 4769035.0 50
1651499630351 4776244.0 51
1651499634201 4773804.0 52
1651499638041 4772577.0 53
1651499641849 4771856.0 54
1651499645661 4771759.0 55
1651499649474 4779004.0 56
1651499653304 4775111.0 57
1651499657127 4771259.0 58
1651499660973 4771395.0 59
1651499664751 4774117.0 60
1651499668551 4772012.0 61
1651499672396 4776399.0 62
1651499676171 4766685.0 63
1651499680014 4778459.0 64
1651499683811 4777896.0 65
1651499687600 4774476.0 66
1651499691434 4782066.0 67
1651499695204 4769248.0 68
1651499699069 4781882.0 69
1651499702877 4777338.0 70
1651499706651 4770073.0 71
1651499710516 4764791.0 72
1651499714344 4778401.0 73
1651499718192 4770892.0 74
1651499722024 4776285.0 75
1651499725838 4778436.0 76
1651499729647 4773592.0 77
1651499733456 4777448.0 78
1651499737262 4768443.0 79
1651499741072 4778523.0 80
1651499744868 4775776.0 81
1651499748659 4772514.0 82
1651499752478 4777804.0 83
1651499756285 4776801.0 84
1651499760117 4771331.0 85
1651499763885 4775642.0 86
1651499767685 4778950.0 87
1651499771463 4775667.0 88
1651499775231 4770682.0 89
1651499779044 4778184.0 90
1651499782825 4778118.0 91
1651499786625 4778743.0 92
1651499790437 4776399.0 93
1651499794248 4775531.0 94
1651499798056 4772951.0 95
1651499801830 4775237.0 96
1651499805611 4770488.0 97
1651499809367 4779424.0 98
1651499813138 4783487.0 99
1651499816932 4770347.0 100
1651499820743 4771766.0 101
1651499824556 4782099.0 102
1651499828376 4776576.0 103
1651499832187 4774394.0 104
1651499836011 4781825.0 105
1651499839787 4782066.0 106
1651499843601 4773762.0 107
1651499847415 4772489.0 108
1651499851165 4772558.0 109
1651499854954 4780632.0 110
1651499858713 4773703.0 111
1651499862453 4779172.0 112
1651499866236 4788806.0 113
1651499870035 4768920.0 114
1651499873820 4776860.0 115
1651499877569 4774110.0 116
1651499881319 4780036.0 117
1651499885094 4780443.0 118
1651499899583 4775667.0 119
