1651497521911 0.8261932134628296 0
1651497525708 0.8018418550491333 1
1651497529500 0.8018418550491333 2
1651497533295 0.8018418550491333 3
1651497537072 0.8018418550491333 4
1651497540880 0.8018418550491333 5
1651497544719 0.8018418550491333 6
1651497548537 0.8018418550491333 7
1651497552335 0.8018418550491333 8
1651497556151 0.8018418550491333 9
1651497559927 0.8018418550491333 10
1651497563723 0.8018418550491333 11
1651497567578 0.8018418550491333 12
1651497571408 0.8018418550491333 13
1651497575214 0.8018418550491333 14
1651497578966 0.8018418550491333 15
1651497582784 0.8018418550491333 16
1651497586553 0.8018418550491333 17
1651497590372 0.8018418550491333 18
1651497594171 0.8018418550491333 19
1651497597911 0.8018418550491333 20
1651497601671 0.8018418550491333 21
1651497605455 0.8018418550491333 22
1651497609218 0.8018418550491333 23
1651497613027 0.8018418550491333 24
1651497616765 0.8018418550491333 25
1651497620519 0.8018418550491333 26
1651497624334 0.8018418550491333 27
1651497628132 0.8018418550491333 28
1651497631923 0.8018418550491333 29
1651497635695 0.8018418550491333 30
1651497649497 0.8261932134628296 31
