1651497521911 0.7429042458534241 0
1651497525708 0.5009402632713318 1
1651497529500 0.5049487352371216 2
1651497533295 0.5052422881126404 3
1651497537072 0.5108668208122253 4
1651497540880 0.5123871564865112 5
1651497544719 0.5164438486099243 6
1651497548537 0.5205774307250977 7
1651497552335 0.529329240322113 8
1651497556151 0.5339528918266296 9
1651497559927 0.5368285179138184 10
1651497563723 0.5407254695892334 11
1651497567578 0.5479633212089539 12
1651497571408 0.5486866235733032 13
1651497575214 0.5524951219558716 14
1651497578966 0.557388961315155 15
1651497582784 0.5545410513877869 16
1651497586553 0.5689403414726257 17
1651497590372 0.5758050084114075 18
1651497594171 0.5852025747299194 19
1651497597911 0.5845986604690552 20
1651497601671 0.5912739038467407 21
1651497605455 0.5776081085205078 22
1651497609218 0.5831451416015625 23
1651497613027 0.5842960476875305 24
1651497616765 0.5890240669250488 25
1651497620519 0.5942724347114563 26
1651497624334 0.5746604204177856 27
1651497628132 0.5841554403305054 28
1651497631923 0.5982810854911804 29
1651497635695 0.5948846340179443 30
1651497649497 0.7429042458534241 31
