1651497521911 1252508.0 0
1651497525708 1225448.0 1
1651497529500 1225448.0 2
1651497533295 1225448.0 3
1651497537072 1225448.0 4
1651497540880 1225448.0 5
1651497544719 1225448.0 6
1651497548537 1225448.0 7
1651497552335 1225448.0 8
1651497556151 1225448.0 9
1651497559927 1225448.0 10
1651497563723 1225448.0 11
1651497567578 1225448.0 12
1651497571408 1225448.0 13
1651497575214 1225448.0 14
1651497578966 1225448.0 15
1651497582784 1225448.0 16
1651497586553 1225448.0 17
1651497590372 1225448.0 18
1651497594171 1225448.0 19
1651497597911 1225448.0 20
1651497601671 1225448.0 21
1651497605455 1225448.0 22
1651497609218 1225448.0 23
1651497613027 1225448.0 24
1651497616765 1225448.0 25
1651497620519 1225448.0 26
1651497624334 1225448.0 27
1651497628132 1225448.0 28
1651497631923 1225448.0 29
1651497635695 1225448.0 30
1651497649497 1252508.0 31
