1651497521911 0.56866854429245 0
1651497525708 0.5085819363594055 1
1651497529500 0.5003801584243774 2
1651497533295 0.49736344814300537 3
1651497537072 0.49555179476737976 4
1651497540880 0.49398231506347656 5
1651497544719 0.4930962026119232 6
1651497548537 0.4925965964794159 7
1651497552335 0.4913044273853302 8
1651497556151 0.4910987615585327 9
1651497559927 0.49130526185035706 10
1651497563723 0.49043095111846924 11
1651497567578 0.49005869030952454 12
1651497571408 0.49029263854026794 13
1651497575214 0.489522248506546 14
1651497578966 0.4892117977142334 15
1651497582784 0.4898897111415863 16
1651497586553 0.48814457654953003 17
1651497590372 0.4870419502258301 18
1651497594171 0.4856770634651184 19
1651497597911 0.485912561416626 20
1651497601671 0.48471829295158386 21
1651497605455 0.4869632124900818 22
1651497609218 0.48628461360931396 23
1651497613027 0.4856855869293213 24
1651497616765 0.4843619167804718 25
1651497620519 0.4836902618408203 26
1651497624334 0.48708850145339966 27
1651497628132 0.4856449365615845 28
1651497631923 0.48275521397590637 29
1651497635695 0.483287513256073 30
1651497649497 0.56866854429245 31
