1651497521911 614223.0 0
1651497525708 0.0 1
1651497529500 0.0 2
1651497533295 0.0 3
1651497537072 0.0 4
1651497540880 0.0 5
1651497544719 0.0 6
1651497548537 0.0 7
1651497552335 0.0 8
1651497556151 0.0 9
1651497559927 0.0 10
1651497563723 0.0 11
1651497567578 0.0 12
1651497571408 0.0 13
1651497575214 0.0 14
1651497578966 0.0 15
1651497582784 0.0 16
1651497586553 0.0 17
1651497590372 0.0 18
1651497594171 0.0 19
1651497597911 0.0 20
1651497601671 0.0 21
1651497605455 0.0 22
1651497609218 0.0 23
1651497613027 0.0 24
1651497616765 0.0 25
1651497620519 0.0 26
1651497624334 0.0 27
1651497628132 0.0 28
1651497631923 0.0 29
1651497635695 0.0 30
1651497649497 614223.0 31
