1651497521911 7255261.0 0
1651497525708 4958744.0 1
1651497529500 4958744.0 2
1651497533295 4958744.0 3
1651497537072 4958744.0 4
1651497540880 4958744.0 5
1651497544719 4958744.0 6
1651497548537 4958744.0 7
1651497552335 4958744.0 8
1651497556151 4958744.0 9
1651497559927 4958744.0 10
1651497563723 4958744.0 11
1651497567578 4958744.0 12
1651497571408 4958744.0 13
1651497575214 4958744.0 14
1651497578966 4958744.0 15
1651497582784 4958744.0 16
1651497586553 4958744.0 17
1651497590372 4958744.0 18
1651497594171 4958744.0 19
1651497597911 4958744.0 20
1651497601671 4958744.0 21
1651497605455 4958744.0 22
1651497609218 4958744.0 23
1651497613027 4958744.0 24
1651497616765 4958744.0 25
1651497620519 4958744.0 26
1651497624334 4958744.0 27
1651497628132 4958744.0 28
1651497631923 4958744.0 29
1651497635695 4958744.0 30
1651497649497 7255261.0 31
