1651499267622 0.8006075024604797 0
1651499271507 0.8018418550491333 1
1651499275392 0.8018418550491333 2
1651499279254 0.8018418550491333 3
1651499283137 0.8018418550491333 4
1651499287003 0.8018418550491333 5
1651499290835 0.8018418550491333 6
1651499294659 0.8018418550491333 7
1651499298510 0.8018418550491333 8
1651499302315 0.8018418550491333 9
1651499306134 0.8018418550491333 10
1651499309950 0.8018418550491333 11
1651499313799 0.8018418550491333 12
1651499317603 0.8018418550491333 13
1651499321379 0.8018418550491333 14
1651499325222 0.8018418550491333 15
1651499329050 0.8018418550491333 16
1651499332925 0.8018418550491333 17
1651499336760 0.8018418550491333 18
1651499340601 0.8018418550491333 19
1651499344408 0.8018418550491333 20
1651499348213 0.8018418550491333 21
1651499352076 0.8018418550491333 22
1651499355922 0.8018418550491333 23
1651499359753 0.8018418550491333 24
1651499363615 0.8018418550491333 25
1651499367476 0.8018418550491333 26
1651499371292 0.8018418550491333 27
1651499375067 0.8018418550491333 28
1651499378872 0.8018418550491333 29
1651499382729 0.8018418550491333 30
1651499418644 0.8006075024604797 31
