1651499267622 0.6621130108833313 0
1651499271507 0.4979533851146698 1
1651499275392 0.5019493699073792 2
1651499279254 0.503869354724884 3
1651499283137 0.5062699317932129 4
1651499287003 0.5136537551879883 5
1651499290835 0.5178110599517822 6
1651499294659 0.5229813456535339 7
1651499298510 0.5326507091522217 8
1651499302315 0.5411477088928223 9
1651499306134 0.5405072569847107 10
1651499309950 0.5432682633399963 11
1651499313799 0.5673824548721313 12
1651499317603 0.5696367621421814 13
1651499321379 0.5749707221984863 14
1651499325222 0.6098013520240784 15
1651499329050 0.6390745639801025 16
1651499332925 0.680910587310791 17
1651499336760 0.7121137380599976 18
1651499340601 0.715446412563324 19
1651499344408 0.7187219858169556 20
1651499348213 0.721557080745697 21
1651499352076 0.7367582321166992 22
1651499355922 0.728144109249115 23
1651499359753 0.725904107093811 24
1651499363615 0.7245545387268066 25
1651499367476 0.7401158809661865 26
1651499371292 0.7416938543319702 27
1651499375067 0.7421031594276428 28
1651499378872 0.7421773076057434 29
1651499382729 0.7446038126945496 30
1651499418644 0.6621130108833313 31
