1651499267622 0.5419149994850159 0
1651499271507 0.5090951919555664 1
1651499275392 0.5036481618881226 2
1651499279254 0.5027214884757996 3
1651499283137 0.5008959770202637 4
1651499287003 0.49940311908721924 5
1651499290835 0.4989447295665741 6
1651499294659 0.49817684292793274 7
1651499298510 0.49723902344703674 8
1651499302315 0.49644044041633606 9
1651499306134 0.49657461047172546 10
1651499309950 0.49612241983413696 11
1651499313799 0.4931115210056305 12
1651499317603 0.49298837780952454 13
1651499321379 0.49376001954078674 14
1651499325222 0.4865993857383728 15
1651499329050 0.47889482975006104 16
1651499332925 0.4652211368083954 17
1651499336760 0.4507080614566803 18
1651499340601 0.44946521520614624 19
1651499344408 0.4480389952659607 20
1651499348213 0.44652992486953735 21
1651499352076 0.43861323595046997 22
1651499355922 0.4438737630844116 23
1651499359753 0.44464507699012756 24
1651499363615 0.44530028104782104 25
1651499367476 0.4370662271976471 26
1651499371292 0.4360538423061371 27
1651499375067 0.4369134306907654 28
1651499378872 0.436470627784729 29
1651499382729 0.43474069237709045 30
1651499418644 0.5419149994850159 31
