1651499267622 0.9506489634513855 0
1651499271507 1.0 1
1651499275392 1.0 2
1651499279254 1.0 3
1651499283137 1.0 4
1651499287003 1.0 5
1651499290835 1.0 6
1651499294659 1.0 7
1651499298510 1.0 8
1651499302315 1.0 9
1651499306134 1.0 10
1651499309950 1.0 11
1651499313799 1.0 12
1651499317603 1.0 13
1651499321379 1.0 14
1651499325222 1.0 15
1651499329050 1.0 16
1651499332925 1.0 17
1651499336760 1.0 18
1651499340601 1.0 19
1651499344408 1.0 20
1651499348213 1.0 21
1651499352076 1.0 22
1651499355922 1.0 23
1651499359753 1.0 24
1651499363615 1.0 25
1651499367476 1.0 26
1651499371292 1.0 27
1651499375067 1.0 28
1651499378872 1.0 29
1651499382729 1.0 30
1651499418644 0.9506489634513855 31
