1651499267622 7280318.0 0
1651499271507 4958744.0 1
1651499275392 4958744.0 2
1651499279254 4958744.0 3
1651499283137 4958744.0 4
1651499287003 4958744.0 5
1651499290835 4958744.0 6
1651499294659 4958744.0 7
1651499298510 4958744.0 8
1651499302315 4958744.0 9
1651499306134 4958744.0 10
1651499309950 4958744.0 11
1651499313799 4958744.0 12
1651499317603 4958744.0 13
1651499321379 4958744.0 14
1651499325222 4958744.0 15
1651499329050 4958744.0 16
1651499332925 4958744.0 17
1651499336760 4958744.0 18
1651499340601 4958744.0 19
1651499344408 4958744.0 20
1651499348213 4958744.0 21
1651499352076 4958744.0 22
1651499355922 4958744.0 23
1651499359753 4958744.0 24
1651499363615 4958744.0 25
1651499367476 4958744.0 26
1651499371292 4958744.0 27
1651499375067 4958744.0 28
1651499378872 4958744.0 29
1651499382729 4958744.0 30
1651499418644 7280318.0 31
