1651504375177 0.7816100716590881 0
1651504377813 0.8042629957199097 1
1651504380455 0.8060806393623352 2
1651504383209 0.8346491456031799 3
1651504385815 0.8596012592315674 4
1651504388467 0.8609464764595032 5
1651504391124 0.8633171319961548 6
1651504393883 0.868522584438324 7
1651504396557 0.8749843239784241 8
1651504399195 0.8796204924583435 9
1651504401839 0.8868390321731567 10
1651504404594 0.8939555883407593 11
1651504407233 0.9006328582763672 12
1651504410002 0.9067661762237549 13
1651504412737 0.9082543849945068 14
1651504415370 0.9106242656707764 15
1651504418145 0.9121184349060059 16
1651504420785 0.9113579392433167 17
1651504423549 0.9133996367454529 18
1651504426295 0.91606605052948 19
1651504428920 0.9161930084228516 20
1651504431551 0.917324960231781 21
1651504434279 0.9180722236633301 22
1651504437037 0.9167411923408508 23
1651504439658 0.9188600778579712 24
1651504442432 0.9197462797164917 25
1651504445180 0.9196712374687195 26
1651504447812 0.9200824499130249 27
1651504450443 0.9225412607192993 28
1651504453055 0.9233064651489258 29
1651504455711 0.9210637211799622 30
1651504458332 0.9233150482177734 31
1651504460957 0.9233704805374146 32
1651504463715 0.9241170883178711 33
1651504466321 0.9241733551025391 34
1651504469057 0.9230313897132874 35
1651504471793 0.9260149002075195 36
1651504474533 0.9252838492393494 37
1651504477288 0.9252118468284607 38
1651504480022 0.9241054654121399 39
1651504482658 0.9260547161102295 40
1651504485418 0.9279806613922119 41
1651504488055 0.927091121673584 42
1651504490794 0.9273614883422852 43
1651504493560 0.9290887117385864 44
1651504496213 0.9306828379631042 45
1651504498967 0.9307242035865784 46
1651504501701 0.9296115040779114 47
1651504504466 0.9292455315589905 48
1651504507205 0.9320815801620483 49
1651504509831 0.9317690134048462 50
1651504512582 0.9295665621757507 51
1651504515227 0.9298933744430542 52
1651504517990 0.9313018321990967 53
1651504520602 0.9315259456634521 54
1651504523247 0.9324554800987244 55
1651504525860 0.9324905872344971 56
1651504528612 0.9330635070800781 57
1651504531349 0.9332458972930908 58
1651504533966 0.9323146343231201 59
1651504536590 0.9317290782928467 60
1651504539337 0.933186411857605 61
1651504542103 0.9331415891647339 62
1651504544724 0.9345824122428894 63
1651504547464 0.9345232844352722 64
1651504550086 0.9330576658248901 65
1651504552837 0.9347864985466003 66
1651504555576 0.9341610074043274 67
1651504558191 0.9354749321937561 68
1651504560931 0.9342478513717651 69
1651504563579 0.9340006113052368 70
1651504566216 0.9341357946395874 71
1651504568951 0.9350069165229797 72
1651504571579 0.9339108467102051 73
1651504574325 0.9348041415214539 74
1651504577063 0.935407817363739 75
1651504579700 0.9365096688270569 76
1651504582331 0.9355371594429016 77
1651504584943 0.9372382164001465 78
1651504587709 0.9364603757858276 79
1651504590447 0.9360079169273376 80
1651504593194 0.9336416125297546 81
1651504596145 0.93587726354599 82
1651504598891 0.9339661598205566 83
1651504601629 0.9367388486862183 84
1651504604364 0.9348123669624329 85
1651504606978 0.9350851774215698 86
1651504609602 0.9358536601066589 87
1651504612350 0.9363911747932434 88
1651504614986 0.9369401335716248 89
1651504617610 0.936882734298706 90
1651504620217 0.9381937384605408 91
1651504622834 0.9375692009925842 92
1651504625461 0.9379191398620605 93
1651504628084 0.9379261136054993 94
1651504630852 0.9390015006065369 95
1651504633475 0.9372037649154663 96
1651504636223 0.9377648830413818 97
1651504638860 0.9382189512252808 98
1651504641498 0.9363270998001099 99
1651504644245 0.9381728768348694 100
1651504647001 0.9370439648628235 101
1651504649729 0.9390045404434204 102
1651504652479 0.938368558883667 103
1651504655219 0.9384840130805969 104
1651504657952 0.9380161762237549 105
1651504660566 0.9390859007835388 106
1651504663299 0.937997579574585 107
1651504666039 0.93958979845047 108
1651504668663 0.9383751749992371 109
1651504671415 0.939436137676239 110
1651504674047 0.9407184720039368 111
1651504676707 0.9390388131141663 112
1651504708041 0.93587726354599 113
