1651504375177 0.547585666179657 0
1651504377813 0.6770312190055847 1
1651504380455 0.8019352555274963 2
1651504383209 0.828008770942688 3
1651504385815 0.8398347496986389 4
1651504388467 0.8421239256858826 5
1651504391124 0.8470231890678406 6
1651504393883 0.8517944812774658 7
1651504396557 0.8644298315048218 8
1651504399195 0.8745657205581665 9
1651504401839 0.8891463279724121 10
1651504404594 0.8958450555801392 11
1651504407233 0.9074024558067322 12
1651504410002 0.9173386096954346 13
1651504412737 0.9199604392051697 14
1651504415370 0.9247003793716431 15
1651504418145 0.9285435080528259 16
1651504420785 0.9289116263389587 17
1651504423549 0.930111289024353 18
1651504426295 0.9343543648719788 19
1651504428920 0.9349402189254761 20
1651504431551 0.9363375306129456 21
1651504434279 0.9373679757118225 22
1651504437037 0.9379653930664062 23
1651504439658 0.9406486749649048 24
1651504442432 0.9424676299095154 25
1651504445180 0.9397912621498108 26
1651504447812 0.9418911337852478 27
1651504450443 0.9438636898994446 28
1651504453055 0.947257936000824 29
1651504455711 0.9457495212554932 30
1651504458332 0.9462048411369324 31
1651504460957 0.9498723745346069 32
1651504463715 0.9497829675674438 33
1651504466321 0.9501389861106873 34
1651504469057 0.9512398838996887 35
1651504471793 0.9525385499000549 36
1651504474533 0.9522159099578857 37
1651504477288 0.951052188873291 38
1651504480022 0.9510301351547241 39
1651504482658 0.9516707062721252 40
1651504485418 0.9565768837928772 41
1651504488055 0.9569322466850281 42
1651504490794 0.9569046497344971 43
1651504493560 0.9589244723320007 44
1651504496213 0.9605188965797424 45
1651504498967 0.9590030312538147 46
1651504501701 0.9602725505828857 47
1651504504466 0.9608339667320251 48
1651504507205 0.9613558650016785 49
1651504509831 0.9628625512123108 50
1651504512582 0.9587117433547974 51
1651504515227 0.9623966217041016 52
1651504517990 0.9625036120414734 53
1651504520602 0.9625484943389893 54
1651504523247 0.9644078612327576 55
1651504525860 0.965984046459198 56
1651504528612 0.9654849767684937 57
1651504531349 0.9642139673233032 58
1651504533966 0.9648960828781128 59
1651504536590 0.96494460105896 60
1651504539337 0.9656739830970764 61
1651504542103 0.9652373194694519 62
1651504544724 0.9673390984535217 63
1651504547464 0.9675818085670471 64
1651504550086 0.9674128890037537 65
1651504552837 0.9686219692230225 66
1651504555576 0.9686157703399658 67
1651504558191 0.9677941799163818 68
1651504560931 0.9681411981582642 69
1651504563579 0.9681550860404968 70
1651504566216 0.9676327109336853 71
1651504568951 0.9664527177810669 72
1651504571579 0.9676933288574219 73
1651504574325 0.9687181711196899 74
1651504577063 0.9701938033103943 75
1651504579700 0.9698126912117004 76
1651504582331 0.9694778919219971 77
1651504584943 0.9708659648895264 78
1651504587709 0.9707352519035339 79
1651504590447 0.971237301826477 80
1651504593194 0.9689968228340149 81
1651504596145 0.9695648550987244 82
1651504598891 0.9696849584579468 83
1651504601629 0.9671366214752197 84
1651504604364 0.9683208465576172 85
1651504606978 0.9683135151863098 86
1651504609602 0.968896746635437 87
1651504612350 0.9704524874687195 88
1651504614986 0.9720873236656189 89
1651504617610 0.9699658751487732 90
1651504620217 0.9707849621772766 91
1651504622834 0.9720194935798645 92
1651504625461 0.9703611135482788 93
1651504628084 0.9725566506385803 94
1651504630852 0.9731200337409973 95
1651504633475 0.9732688665390015 96
1651504636223 0.9716604948043823 97
1651504638860 0.9726502895355225 98
1651504641498 0.9710100889205933 99
1651504644245 0.9730473160743713 100
1651504647001 0.9722306728363037 101
1651504649729 0.9725350737571716 102
1651504652479 0.9732146263122559 103
1651504655219 0.973650336265564 104
1651504657952 0.973564863204956 105
1651504660566 0.9745346307754517 106
1651504663299 0.9730527400970459 107
1651504666039 0.9738875031471252 108
1651504668663 0.9750294089317322 109
1651504671415 0.9740239977836609 110
1651504674047 0.9750938415527344 111
1651504676707 0.9736238121986389 112
1651504708041 0.9695648550987244 113
