1651504375177 506126.0 0
1651504377813 403.0 1
1651504380455 834.0 2
1651504383209 29393.0 3
1651504385815 178553.0 4
1651504388467 210910.0 5
1651504391124 203776.0 6
1651504393883 145943.0 7
1651504396557 159550.0 8
1651504399195 159938.0 9
1651504401839 139144.0 10
1651504404594 172121.0 11
1651504407233 131366.0 12
1651504410002 167711.0 13
1651504412737 153934.0 14
1651504415370 171182.0 15
1651504418145 163139.0 16
1651504420785 163799.0 17
1651504423549 164510.0 18
1651504426295 162587.0 19
1651504428920 161368.0 20
1651504431551 173750.0 21
1651504434279 157487.0 22
1651504437037 196750.0 23
1651504439658 160140.0 24
1651504442432 177966.0 25
1651504445180 170524.0 26
1651504447812 174372.0 27
1651504450443 157020.0 28
1651504453055 173451.0 29
1651504455711 183367.0 30
1651504458332 167853.0 31
1651504460957 181401.0 32
1651504463715 174279.0 33
1651504466321 184532.0 34
1651504469057 193437.0 35
1651504471793 150703.0 36
1651504474533 193869.0 37
1651504477288 162363.0 38
1651504480022 172108.0 39
1651504482658 181768.0 40
1651504485418 183414.0 41
1651504488055 174654.0 42
1651504490794 190052.0 43
1651504493560 165702.0 44
1651504496213 173208.0 45
1651504498967 169773.0 46
1651504501701 170595.0 47
1651504504466 179495.0 48
1651504507205 176168.0 49
1651504509831 180197.0 50
1651504512582 199565.0 51
1651504515227 174169.0 52
1651504517990 176858.0 53
1651504520602 169985.0 54
1651504523247 186179.0 55
1651504525860 172573.0 56
1651504528612 180034.0 57
1651504531349 180170.0 58
1651504533966 175779.0 59
1651504536590 174284.0 60
1651504539337 182835.0 61
1651504542103 166272.0 62
1651504544724 169715.0 63
1651504547464 187396.0 64
1651504550086 180785.0 65
1651504552837 178599.0 66
1651504555576 174493.0 67
1651504558191 164540.0 68
1651504560931 170167.0 69
1651504563579 180351.0 70
1651504566216 181109.0 71
1651504568951 164780.0 72
1651504571579 168951.0 73
1651504574325 175880.0 74
1651504577063 180919.0 75
1651504579700 165464.0 76
1651504582331 179289.0 77
1651504584943 173765.0 78
1651504587709 170747.0 79
1651504590447 159349.0 80
1651504593194 178090.0 81
1651504596145 189370.0 82
1651504598891 179644.0 83
1651504601629 171605.0 84
1651504604364 177811.0 85
1651504606978 161246.0 86
1651504609602 184846.0 87
1651504612350 162983.0 88
1651504614986 180148.0 89
1651504617610 172160.0 90
1651504620217 160301.0 91
1651504622834 165732.0 92
1651504625461 167390.0 93
1651504628084 165348.0 94
1651504630852 158312.0 95
1651504633475 171450.0 96
1651504636223 169664.0 97
1651504638860 160631.0 98
1651504641498 171164.0 99
1651504644245 183557.0 100
1651504647001 177499.0 101
1651504649729 160549.0 102
1651504652479 166647.0 103
1651504655219 160260.0 104
1651504657952 179128.0 105
1651504660566 147091.0 106
1651504663299 168360.0 107
1651504666039 175083.0 108
1651504668663 164316.0 109
1651504671415 162637.0 110
1651504674047 153776.0 111
1651504676707 168200.0 112
1651504708041 189370.0 113
