1651504375177 1570738.0 0
1651504377813 1210022.0 1
1651504380455 1198351.0 2
1651504383209 993126.0 3
1651504385815 689664.0 4
1651504388467 648988.0 5
1651504391124 641462.0 6
1651504393883 667105.0 7
1651504396557 613539.0 8
1651504399195 584481.0 9
1651504401839 560636.0 10
1651504404594 483651.0 11
1651504407233 483114.0 12
1651504410002 408841.0 13
1651504412737 413415.0 14
1651504415370 381512.0 15
1651504418145 380315.0 16
1651504420785 384358.0 17
1651504423549 371021.0 18
1651504426295 356455.0 19
1651504428920 356889.0 20
1651504431551 337507.0 21
1651504434279 349149.0 22
1651504437037 318117.0 23
1651504439658 341624.0 24
1651504442432 318318.0 25
1651504445180 326224.0 26
1651504447812 319833.0 27
1651504450443 321980.0 28
1651504453055 300817.0 29
1651504455711 304770.0 30
1651504458332 306362.0 31
1651504460957 292471.0 32
1651504463715 294976.0 33
1651504466321 284375.0 34
1651504469057 282532.0 35
1651504471793 306816.0 36
1651504474533 268171.0 37
1651504477288 300122.0 38
1651504480022 297219.0 39
1651504482658 275505.0 40
1651504485418 261949.0 41
1651504488055 276210.0 42
1651504490794 259140.0 43
1651504493560 272809.0 44
1651504496213 255445.0 45
1651504498967 258624.0 46
1651504501701 264683.0 47
1651504504466 258046.0 48
1651504507205 243835.0 49
1651504509831 241739.0 50
1651504512582 235991.0 51
1651504515227 259366.0 52
1651504517990 247967.0 53
1651504520602 253454.0 54
1651504523247 231512.0 55
1651504525860 244901.0 56
1651504528612 233897.0 57
1651504531349 232633.0 58
1651504533966 242783.0 59
1651504536590 247899.0 60
1651504539337 230336.0 61
1651504542103 247176.0 62
1651504544724 234823.0 63
1651504547464 217508.0 64
1651504550086 233182.0 65
1651504552837 224677.0 66
1651504555576 232651.0 67
1651504558191 234479.0 68
1651504560931 236440.0 69
1651504563579 227785.0 70
1651504566216 226191.0 71
1651504568951 237133.0 72
1651504571579 239740.0 73
1651504574325 227287.0 74
1651504577063 218515.0 75
1651504579700 227156.0 76
1651504582331 219345.0 77
1651504584943 214350.0 78
1651504587709 222178.0 79
1651504590447 236374.0 80
1651504593194 232266.0 81
1651504596145 207161.0 82
1651504598891 228705.0 83
1651504601629 219598.0 84
1651504604364 225305.0 85
1651504606978 240183.0 86
1651504609602 211831.0 87
1651504612350 230370.0 88
1651504614986 209810.0 89
1651504617610 218153.0 90
1651504620217 221905.0 91
1651504622834 220336.0 92
1651504625461 216514.0 93
1651504628084 218513.0 94
1651504630852 218899.0 95
1651504633475 216878.0 96
1651504636223 215194.0 97
1651504638860 221419.0 98
1651504641498 222585.0 99
1651504644245 198778.0 100
1651504647001 211817.0 101
1651504649729 216643.0 102
1651504652479 214478.0 103
1651504655219 220151.0 104
1651504657952 204176.0 105
1651504660566 229598.0 106
1651504663299 215059.0 107
1651504666039 198490.0 108
1651504668663 216768.0 109
1651504671415 211886.0 110
1651504674047 212817.0 111
1651504676707 208780.0 112
1651504708041 207161.0 113
