1651504375177 0.6602715253829956 0
1651504377813 0.4866056442260742 1
1651504380455 0.417187362909317 2
1651504383209 0.3973802924156189 3
1651504385815 0.3895861804485321 4
1651504388467 0.37601736187934875 5
1651504391124 0.3593599498271942 6
1651504393883 0.342058390378952 7
1651504396557 0.325184166431427 8
1651504399195 0.31453055143356323 9
1651504401839 0.2980905771255493 10
1651504404594 0.2876717150211334 11
1651504407233 0.27223071455955505 12
1651504410002 0.25890204310417175 13
1651504412737 0.25451499223709106 14
1651504415370 0.24821874499320984 15
1651504418145 0.24278967082500458 16
1651504420785 0.24277319014072418 17
1651504423549 0.2400934398174286 18
1651504426295 0.2333700805902481 19
1651504428920 0.23218934237957 20
1651504431551 0.22993329167366028 21
1651504434279 0.22753195464611053 22
1651504437037 0.22796232998371124 23
1651504439658 0.223327174782753 24
1651504442432 0.22016063332557678 25
1651504445180 0.2238493412733078 26
1651504447812 0.21995022892951965 27
1651504450443 0.21607857942581177 28
1651504453055 0.21073970198631287 29
1651504455711 0.21471911668777466 30
1651504458332 0.2121846079826355 31
1651504460957 0.20797736942768097 32
1651504463715 0.20742462575435638 33
1651504466321 0.2069757580757141 34
1651504469057 0.20614460110664368 35
1651504471793 0.20245449244976044 36
1651504474533 0.2036401629447937 37
1651504477288 0.2047794610261917 38
1651504480022 0.20573875308036804 39
1651504482658 0.202535018324852 40
1651504485418 0.1959206610918045 41
1651504488055 0.19681191444396973 42
1651504490794 0.19573335349559784 43
1651504493560 0.19134117662906647 44
1651504496213 0.18816205859184265 45
1651504498967 0.1899130642414093 46
1651504501701 0.1894080936908722 47
1651504504466 0.18875625729560852 48
1651504507205 0.18502308428287506 49
1651504509831 0.1840987503528595 50
1651504512582 0.19092844426631927 51
1651504515227 0.18618887662887573 52
1651504517990 0.18522176146507263 53
1651504520602 0.18429894745349884 54
1651504523247 0.18124839663505554 55
1651504525860 0.17873600125312805 56
1651504528612 0.1782805621623993 57
1651504531349 0.1803993433713913 58
1651504533966 0.17984789609909058 59
1651504536590 0.17974914610385895 60
1651504539337 0.17785705626010895 61
1651504542103 0.17881758511066437 62
1651504544724 0.1751297265291214 63
1651504547464 0.17331562936306 64
1651504550086 0.17454774677753448 65
1651504552837 0.17134800553321838 66
1651504555576 0.1716313660144806 67
1651504558191 0.17216090857982635 68
1651504560931 0.17275720834732056 69
1651504563579 0.17210392653942108 70
1651504566216 0.17419755458831787 71
1651504568951 0.17452198266983032 72
1651504571579 0.17351843416690826 73
1651504574325 0.1708071529865265 74
1651504577063 0.1685541421175003 75
1651504579700 0.16842161118984222 76
1651504582331 0.1690714806318283 77
1651504584943 0.1653033196926117 78
1651504587709 0.16591396927833557 79
1651504590447 0.16537563502788544 80
1651504593194 0.1714039444923401 81
1651504596145 0.16852672398090363 82
1651504598891 0.16982968151569366 83
1651504601629 0.17157550156116486 84
1651504604364 0.17267243564128876 85
1651504606978 0.1720053106546402 86
1651504609602 0.16914382576942444 87
1651504612350 0.1660236269235611 88
1651504614986 0.16372504830360413 89
1651504617610 0.167512446641922 90
1651504620217 0.1642727553844452 91
1651504622834 0.16273409128189087 92
1651504625461 0.16561537981033325 93
1651504628084 0.16074658930301666 94
1651504630852 0.15955212712287903 95
1651504633475 0.16019336879253387 96
1651504636223 0.16260798275470734 97
1651504638860 0.1608421802520752 98
1651504641498 0.16612859070301056 99
1651504644245 0.15991881489753723 100
1651504647001 0.16244320571422577 101
1651504649729 0.16071133315563202 102
1651504652479 0.15986336767673492 103
1651504655219 0.15927889943122864 104
1651504657952 0.1589924693107605 105
1651504660566 0.15680763125419617 106
1651504663299 0.16079743206501007 107
1651504666039 0.1572592556476593 108
1651504668663 0.1561199277639389 109
1651504671415 0.1561489999294281 110
1651504674047 0.15303531289100647 111
1651504676707 0.15657353401184082 112
1651504708041 0.16852672398090363 113
