1651504375177 0.819848895072937 0
1651504377813 0.8041826486587524 1
1651504380455 0.8056908249855042 2
1651504383209 0.8326225876808167 3
1651504385815 0.8741680383682251 4
1651504388467 0.8799903392791748 5
1651504391124 0.8813734650611877 6
1651504393883 0.8785067796707153 7
1651504396557 0.8868783712387085 8
1651504399195 0.8916476964950562 9
1651504401839 0.8960093259811401 10
1651504404594 0.9084211587905884 11
1651504407233 0.9092141389846802 12
1651504410002 0.9215404391288757 13
1651504412737 0.9209411144256592 14
1651504415370 0.9263497591018677 15
1651504418145 0.9266777634620667 16
1651504420785 0.9259465932846069 17
1651504423549 0.9283221960067749 18
1651504426295 0.9309675693511963 19
1651504428920 0.9309056401252747 20
1651504431551 0.9342537522315979 21
1651504434279 0.9323536157608032 22
1651504437037 0.9375149011611938 23
1651504439658 0.9336807727813721 24
1651504442432 0.9377077221870422 25
1651504445180 0.9363517761230469 26
1651504447812 0.9374737739562988 27
1651504450443 0.9372931122779846 28
1651504453055 0.9409825801849365 29
1651504455711 0.9401369690895081 30
1651504458332 0.940025806427002 31
1651504460957 0.9424359202384949 32
1651504463715 0.9420527219772339 33
1651504466321 0.9439054131507874 34
1651504469057 0.9441505670547485 35
1651504471793 0.9401432275772095 36
1651504474533 0.9468339085578918 37
1651504477288 0.9412387609481812 38
1651504480022 0.9416626691818237 39
1651504482658 0.945589542388916 40
1651504485418 0.9481109976768494 41
1651504488055 0.9455344080924988 42
1651504490794 0.9485712051391602 43
1651504493560 0.9462639093399048 44
1651504496213 0.9494364261627197 45
1651504498967 0.9488741159439087 46
1651504501701 0.9477304816246033 47
1651504504466 0.9488843083381653 48
1651504507205 0.9515949487686157 49
1651504509831 0.9519526362419128 50
1651504512582 0.9528597593307495 51
1651504515227 0.9486903548240662 52
1651504517990 0.9508082866668701 53
1651504520602 0.9498427510261536 54
1651504523247 0.9538365602493286 55
1651504525860 0.9514282941818237 56
1651504528612 0.9534401893615723 57
1651504531349 0.9536789059638977 58
1651504533966 0.9517974257469177 59
1651504536590 0.950846254825592 60
1651504539337 0.95409095287323 61
1651504542103 0.9510602951049805 62
1651504544724 0.9533602595329285 63
1651504547464 0.9564969539642334 64
1651504550086 0.9535689949989319 65
1651504552837 0.9552061557769775 66
1651504555576 0.9537277817726135 67
1651504558191 0.9534732699394226 68
1651504560931 0.9530499577522278 69
1651504563579 0.9545987844467163 70
1651504566216 0.9548953175544739 71
1651504568951 0.9529691338539124 72
1651504571579 0.9524373412132263 73
1651504574325 0.9547338485717773 74
1651504577063 0.9563608765602112 75
1651504579700 0.9548524618148804 76
1651504582331 0.9562166333198547 77
1651504584943 0.9572181701660156 78
1651504587709 0.9557515978813171 79
1651504590447 0.9531630873680115 80
1651504593194 0.9537677764892578 81
1651504596145 0.9584640860557556 82
1651504598891 0.9544301629066467 83
1651504601629 0.9562354683876038 84
1651504604364 0.9550936222076416 85
1651504606978 0.9524263739585876 86
1651504609602 0.9576058983802795 87
1651504612350 0.9542654156684875 88
1651504614986 0.9580328464508057 89
1651504617610 0.956506073474884 90
1651504620217 0.9558953046798706 91
1651504622834 0.9561461210250854 92
1651504625461 0.9568597674369812 93
1651504628084 0.95649653673172 94
1651504630852 0.9564839601516724 95
1651504633475 0.9567553997039795 96
1651504636223 0.9570921063423157 97
1651504638860 0.9559847712516785 98
1651504641498 0.9556704163551331 99
1651504644245 0.9601243138313293 100
1651504647001 0.9576708078384399 101
1651504649729 0.9568939805030823 102
1651504652479 0.9572544693946838 103
1651504655219 0.956229031085968 104
1651504657952 0.9591220617294312 105
1651504660566 0.954555094242096 106
1651504663299 0.9571290016174316 107
1651504666039 0.9602473378181458 108
1651504668663 0.9568378329277039 109
1651504671415 0.9577829837799072 110
1651504674047 0.9576800465583801 111
1651504676707 0.9583298563957214 112
1651504708041 0.9584640860557556 113
