1651504375177 0.93387770652771 0
1651504377813 0.9999189376831055 1
1651504380455 0.9998322129249573 2
1651504383209 0.9940856099128723 3
1651504385815 0.9640718102455139 4
1651504388467 0.9575610160827637 5
1651504391124 0.9589964747428894 6
1651504393883 0.9706335663795471 7
1651504396557 0.9678955674171448 8
1651504399195 0.967817485332489 9
1651504401839 0.9720016717910767 10
1651504404594 0.9653660655021667 11
1651504407233 0.9735667109489441 12
1651504410002 0.9662534594535828 13
1651504412737 0.9690256118774414 14
1651504415370 0.9655550122261047 15
1651504418145 0.9671733975410461 16
1651504420785 0.9670405983924866 17
1651504423549 0.9668975472450256 18
1651504426295 0.9672845005989075 19
1651504428920 0.9675297737121582 20
1651504431551 0.9650382995605469 21
1651504434279 0.9683107137680054 22
1651504437037 0.9604102373123169 23
1651504439658 0.9677768349647522 24
1651504442432 0.9641899466514587 25
1651504445180 0.9656873941421509 26
1651504447812 0.9649131298065186 27
1651504450443 0.9684046506881714 28
1651504453055 0.9650984406471252 29
1651504455711 0.963103175163269 30
1651504458332 0.9662248492240906 31
1651504460957 0.9634987711906433 32
1651504463715 0.964931845664978 33
1651504466321 0.9628687500953674 34
1651504469057 0.9610769152641296 35
1651504471793 0.9696757793426514 36
1651504474533 0.9609899520874023 37
1651504477288 0.9673295617103577 38
1651504480022 0.9653686881065369 39
1651504482658 0.9634249210357666 40
1651504485418 0.9630936980247498 41
1651504488055 0.9648563861846924 42
1651504490794 0.961758017539978 43
1651504493560 0.9666576981544495 44
1651504496213 0.9651473164558411 45
1651504498967 0.9658385515213013 46
1651504501701 0.9656731486320496 47
1651504504466 0.9638822674751282 48
1651504507205 0.9645517468452454 49
1651504509831 0.9637410044670105 50
1651504512582 0.9598438143730164 51
1651504515227 0.9649539589881897 52
1651504517990 0.9644128680229187 53
1651504520602 0.9657958745956421 54
1651504523247 0.9625373482704163 55
1651504525860 0.9652751088142395 56
1651504528612 0.9637738466262817 57
1651504531349 0.9637464284896851 58
1651504533966 0.9646300077438354 59
1651504536590 0.9649308323860168 60
1651504539337 0.9632102251052856 61
1651504542103 0.9665430188179016 62
1651504544724 0.9658501744270325 63
1651504547464 0.9622924327850342 64
1651504550086 0.9636226892471313 65
1651504552837 0.9640625715255737 66
1651504555576 0.9648887515068054 67
1651504558191 0.9668915271759033 68
1651504560931 0.9657592177391052 69
1651504563579 0.9637100100517273 70
1651504566216 0.9635575413703918 71
1651504568951 0.9668431878089905 72
1651504571579 0.966003954410553 73
1651504574325 0.964609682559967 74
1651504577063 0.9635957479476929 75
1651504579700 0.9667055606842041 76
1651504582331 0.9639237523078918 77
1651504584943 0.9650352597236633 78
1651504587709 0.965642511844635 79
1651504590447 0.9679360389709473 80
1651504593194 0.9641649723052979 81
1651504596145 0.961895227432251 82
1651504598891 0.9638522863388062 83
1651504601629 0.9654698967933655 84
1651504604364 0.9642211198806763 85
1651504606978 0.9675543308258057 86
1651504609602 0.9628055691719055 87
1651504612350 0.9672048091888428 88
1651504614986 0.9637508988380432 89
1651504617610 0.9653581976890564 90
1651504620217 0.9677444696426392 91
1651504622834 0.9666516780853271 92
1651504625461 0.9663180112838745 93
1651504628084 0.966728925704956 94
1651504630852 0.9681447148323059 95
1651504633475 0.965501070022583 96
1651504636223 0.9658604860305786 97
1651504638860 0.9676780700683594 98
1651504641498 0.965558648109436 99
1651504644245 0.9630649089813232 100
1651504647001 0.9642838835716248 101
1651504649729 0.9676945805549622 102
1651504652479 0.966467559337616 103
1651504655219 0.9677526950836182 104
1651504657952 0.9639561176300049 105
1651504660566 0.9704025387763977 106
1651504663299 0.9661228656768799 107
1651504666039 0.9647700786590576 108
1651504668663 0.9669365882873535 109
1651504671415 0.9672744274139404 110
1651504674047 0.9690574407577515 111
1651504676707 0.9661550521850586 112
1651504708041 0.961895227432251 113
