1651504375177 284760.0 0
1651504377813 4193.0 1
1651504380455 15864.0 2
1651504383209 221089.0 3
1651504385815 524551.0 4
1651504388467 565227.0 5
1651504391124 572753.0 6
1651504393883 547110.0 7
1651504396557 600676.0 8
1651504399195 629734.0 9
1651504401839 653579.0 10
1651504404594 730564.0 11
1651504407233 731101.0 12
1651504410002 805374.0 13
1651504412737 800800.0 14
1651504415370 832703.0 15
1651504418145 833900.0 16
1651504420785 829857.0 17
1651504423549 843194.0 18
1651504426295 857760.0 19
1651504428920 857326.0 20
1651504431551 876708.0 21
1651504434279 865066.0 22
1651504437037 896098.0 23
1651504439658 872591.0 24
1651504442432 895897.0 25
1651504445180 887991.0 26
1651504447812 894382.0 27
1651504450443 892235.0 28
1651504453055 913398.0 29
1651504455711 909445.0 30
1651504458332 907853.0 31
1651504460957 921744.0 32
1651504463715 919239.0 33
1651504466321 929840.0 34
1651504469057 931683.0 35
1651504471793 907399.0 36
1651504474533 946044.0 37
1651504477288 914093.0 38
1651504480022 916996.0 39
1651504482658 938710.0 40
1651504485418 952266.0 41
1651504488055 938005.0 42
1651504490794 955075.0 43
1651504493560 941406.0 44
1651504496213 958770.0 45
1651504498967 955591.0 46
1651504501701 949532.0 47
1651504504466 956169.0 48
1651504507205 970380.0 49
1651504509831 972476.0 50
1651504512582 978224.0 51
1651504515227 954849.0 52
1651504517990 966248.0 53
1651504520602 960761.0 54
1651504523247 982703.0 55
1651504525860 969314.0 56
1651504528612 980318.0 57
1651504531349 981582.0 58
1651504533966 971432.0 59
1651504536590 966316.0 60
1651504539337 983879.0 61
1651504542103 967039.0 62
1651504544724 979392.0 63
1651504547464 996707.0 64
1651504550086 981033.0 65
1651504552837 989538.0 66
1651504555576 981564.0 67
1651504558191 979736.0 68
1651504560931 977775.0 69
1651504563579 986430.0 70
1651504566216 988024.0 71
1651504568951 977082.0 72
1651504571579 974475.0 73
1651504574325 986928.0 74
1651504577063 995700.0 75
1651504579700 987059.0 76
1651504582331 994870.0 77
1651504584943 999865.0 78
1651504587709 992037.0 79
1651504590447 977841.0 80
1651504593194 981949.0 81
1651504596145 1007054.0 82
1651504598891 985510.0 83
1651504601629 994617.0 84
1651504604364 988910.0 85
1651504606978 974032.0 86
1651504609602 1002384.0 87
1651504612350 983845.0 88
1651504614986 1004405.0 89
1651504617610 996062.0 90
1651504620217 992310.0 91
1651504622834 993879.0 92
1651504625461 997701.0 93
1651504628084 995702.0 94
1651504630852 995316.0 95
1651504633475 997337.0 96
1651504636223 999021.0 97
1651504638860 992796.0 98
1651504641498 991630.0 99
1651504644245 1015437.0 100
1651504647001 1002398.0 101
1651504649729 997572.0 102
1651504652479 999737.0 103
1651504655219 994064.0 104
1651504657952 1010039.0 105
1651504660566 984617.0 106
1651504663299 999156.0 107
1651504666039 1015725.0 108
1651504668663 997447.0 109
1651504671415 1002329.0 110
1651504674047 1001398.0 111
1651504676707 1005435.0 112
1651504708041 1007054.0 113
