1651504375177 7148264.0 0
1651504377813 4969318.0 1
1651504380455 4968887.0 2
1651504383209 4940328.0 3
1651504385815 4791168.0 4
1651504388467 4758811.0 5
1651504391124 4765945.0 6
1651504393883 4823778.0 7
1651504396557 4810171.0 8
1651504399195 4809783.0 9
1651504401839 4830577.0 10
1651504404594 4797600.0 11
1651504407233 4838355.0 12
1651504410002 4802010.0 13
1651504412737 4815787.0 14
1651504415370 4798539.0 15
1651504418145 4806582.0 16
1651504420785 4805922.0 17
1651504423549 4805211.0 18
1651504426295 4807134.0 19
1651504428920 4808353.0 20
1651504431551 4795971.0 21
1651504434279 4812234.0 22
1651504437037 4772971.0 23
1651504439658 4809581.0 24
1651504442432 4791755.0 25
1651504445180 4799197.0 26
1651504447812 4795349.0 27
1651504450443 4812701.0 28
1651504453055 4796270.0 29
1651504455711 4786354.0 30
1651504458332 4801868.0 31
1651504460957 4788320.0 32
1651504463715 4795442.0 33
1651504466321 4785189.0 34
1651504469057 4776284.0 35
1651504471793 4819018.0 36
1651504474533 4775852.0 37
1651504477288 4807358.0 38
1651504480022 4797613.0 39
1651504482658 4787953.0 40
1651504485418 4786307.0 41
1651504488055 4795067.0 42
1651504490794 4779669.0 43
1651504493560 4804019.0 44
1651504496213 4796513.0 45
1651504498967 4799948.0 46
1651504501701 4799126.0 47
1651504504466 4790226.0 48
1651504507205 4793553.0 49
1651504509831 4789524.0 50
1651504512582 4770156.0 51
1651504515227 4795552.0 52
1651504517990 4792863.0 53
1651504520602 4799736.0 54
1651504523247 4783542.0 55
1651504525860 4797148.0 56
1651504528612 4789687.0 57
1651504531349 4789551.0 58
1651504533966 4793942.0 59
1651504536590 4795437.0 60
1651504539337 4786886.0 61
1651504542103 4803449.0 62
1651504544724 4800006.0 63
1651504547464 4782325.0 64
1651504550086 4788936.0 65
1651504552837 4791122.0 66
1651504555576 4795228.0 67
1651504558191 4805181.0 68
1651504560931 4799554.0 69
1651504563579 4789370.0 70
1651504566216 4788612.0 71
1651504568951 4804941.0 72
1651504571579 4800770.0 73
1651504574325 4793841.0 74
1651504577063 4788802.0 75
1651504579700 4804257.0 76
1651504582331 4790432.0 77
1651504584943 4795956.0 78
1651504587709 4798974.0 79
1651504590447 4810372.0 80
1651504593194 4791631.0 81
1651504596145 4780351.0 82
1651504598891 4790077.0 83
1651504601629 4798116.0 84
1651504604364 4791910.0 85
1651504606978 4808475.0 86
1651504609602 4784875.0 87
1651504612350 4806738.0 88
1651504614986 4789573.0 89
1651504617610 4797561.0 90
1651504620217 4809420.0 91
1651504622834 4803989.0 92
1651504625461 4802331.0 93
1651504628084 4804373.0 94
1651504630852 4811409.0 95
1651504633475 4798271.0 96
1651504636223 4800057.0 97
1651504638860 4809090.0 98
1651504641498 4798557.0 99
1651504644245 4786164.0 100
1651504647001 4792222.0 101
1651504649729 4809172.0 102
1651504652479 4803074.0 103
1651504655219 4809461.0 104
1651504657952 4790593.0 105
1651504660566 4822630.0 106
1651504663299 4801361.0 107
1651504666039 4794638.0 108
1651504668663 4805405.0 109
1651504671415 4807084.0 110
1651504674047 4815945.0 111
1651504676707 4801521.0 112
1651504708041 4780351.0 113
