1651444682482 0.8226258158683777 0
1651444690408 0.8954804539680481 1
1651444698370 0.9056771397590637 2
1651444706430 0.9080039262771606 3
1651444714537 0.9091493487358093 4
1651444722604 0.9099249839782715 5
1651444730602 0.911203920841217 6
1651444738624 0.9111006259918213 7
1651444746553 0.9117651581764221 8
1651444754500 0.9126579761505127 9
1651444762434 0.9129989147186279 10
1651444770375 0.9133175015449524 11
1651444778306 0.9137166738510132 12
1651444786211 0.9138926863670349 13
1651444794124 0.9132156372070312 14
1651444802077 0.9138967990875244 15
1651444809962 0.9150067567825317 16
1651444817907 0.9149451851844788 17
1651444825754 0.9152259826660156 18
1651444833597 0.915075957775116 19
1651444841520 0.9154465794563293 20
1651444849385 0.9156067371368408 21
1651444857233 0.9158801436424255 22
1651444865130 0.916184663772583 23
1651444873057 0.9164227247238159 24
1651444880899 0.9162794351577759 25
1651444888753 0.9169324040412903 26
1651444896691 0.9170161485671997 27
1651444904551 0.9171866774559021 28
1651444912455 0.9169658422470093 29
1651444920317 0.9172619581222534 30
1651444928216 0.9170778393745422 31
1651444936041 0.9173688888549805 32
1651444943961 0.9172589182853699 33
1651444951871 0.9173904657363892 34
1651444959751 0.9178929328918457 35
1651444967663 0.9181596040725708 36
1651444975567 0.9182543754577637 37
1651444983452 0.9178241491317749 38
1651444991306 0.9177513718605042 39
1651444999208 0.9182323813438416 40
1651445007083 0.9180594682693481 41
1651445015030 0.9178440570831299 42
1651445022996 0.9180373549461365 43
1651445030855 0.9185824990272522 44
1651445038725 0.9187960624694824 45
1651445050259 0.9138967990875244 46
