1651444682482 0.7420832514762878 0
1651444690408 0.8953357338905334 1
1651444698370 0.9142190217971802 2
1651444706430 0.9204691648483276 3
1651444714537 0.9240549206733704 4
1651444722604 0.9255063533782959 5
1651444730602 0.9276019930839539 6
1651444738624 0.9290612936019897 7
1651444746553 0.9299162030220032 8
1651444754500 0.9316145181655884 9
1651444762434 0.9311938285827637 10
1651444770375 0.9332486391067505 11
1651444778306 0.9328643679618835 12
1651444786211 0.9344111084938049 13
1651444794124 0.9331337809562683 14
1651444802077 0.9341803193092346 15
1651444809962 0.9362716674804688 16
1651444817907 0.9359561800956726 17
1651444825754 0.9365230798721313 18
1651444833597 0.9362327456474304 19
1651444841520 0.9373767375946045 20
1651444849385 0.9370862245559692 21
1651444857233 0.9379688501358032 22
1651444865130 0.938160240650177 23
1651444873057 0.9388194680213928 24
1651444880899 0.9386900067329407 25
1651444888753 0.9388456344604492 26
1651444896691 0.9389395117759705 27
1651444904551 0.9394811391830444 28
1651444912455 0.9392682909965515 29
1651444920317 0.9400966167449951 30
1651444928216 0.939999520778656 31
1651444936041 0.9401965737342834 32
1651444943961 0.9404358267784119 33
1651444951871 0.940376341342926 34
1651444959751 0.9409614205360413 35
1651444967663 0.9416577219963074 36
1651444975567 0.9412411451339722 37
1651444983452 0.9415667057037354 38
1651444991306 0.9411633014678955 39
1651444999208 0.9416413307189941 40
1651445007083 0.9420825839042664 41
1651445015030 0.9416427612304688 42
1651445022996 0.9419143199920654 43
1651445030855 0.9422693848609924 44
1651445038725 0.9423354268074036 45
1651445050259 0.9341803193092346 46
