1651444682482 560365.0 0
1651444690408 958294.0 1
1651444698370 1058794.0 2
1651444706430 1098718.0 3
1651444714537 1120039.0 4
1651444722604 1108498.0 5
1651444730602 1106798.0 6
1651444738624 1129435.0 7
1651444746553 1108256.0 8
1651444754500 1105024.0 9
1651444762434 1098890.0 10
1651444770375 1098103.0 11
1651444778306 1088286.0 12
1651444786211 1109398.0 13
1651444794124 1104888.0 14
1651444802077 1100004.0 15
1651444809962 1088890.0 16
1651444817907 1104082.0 17
1651444825754 1110961.0 18
1651444833597 1088648.0 19
1651444841520 1110014.0 20
1651444849385 1109771.0 21
1651444857233 1117049.0 22
1651444865130 1087459.0 23
1651444873057 1090420.0 24
1651444880899 1097129.0 25
1651444888753 1089699.0 26
1651444896691 1085405.0 27
1651444904551 1087937.0 28
1651444912455 1097082.0 29
1651444920317 1084640.0 30
1651444928216 1104124.0 31
1651444936041 1105430.0 32
1651444943961 1101020.0 33
1651444951871 1091437.0 34
1651444959751 1099381.0 35
1651444967663 1086054.0 36
1651444975567 1095144.0 37
1651444983452 1100044.0 38
1651444991306 1107214.0 39
1651444999208 1106833.0 40
1651445007083 1104749.0 41
1651445015030 1099618.0 42
1651445022996 1099979.0 43
1651445030855 1079411.0 44
1651445038725 1073334.0 45
1651445050259 1100004.0 46
