1651444682482 6613709.0 0
1651444690408 2919920.0 1
1651444698370 2441066.0 2
1651444706430 2314813.0 3
1651444714537 2250996.0 4
1651444722604 2233752.0 5
1651444730602 2187988.0 6
1651444738624 2169194.0 7
1651444746553 2165707.0 8
1651444754500 2135818.0 9
1651444762434 2129291.0 10
1651444770375 2118268.0 11
1651444778306 2113277.0 12
1651444786211 2085621.0 13
1651444794124 2115261.0 14
1651444802077 2094874.0 15
1651444809962 2064807.0 16
1651444817907 2051883.0 17
1651444825754 2034593.0 18
1651444833597 2062469.0 19
1651444841520 2027342.0 20
1651444849385 2021650.0 21
1651444857233 2004233.0 22
1651444865130 2022520.0 23
1651444873057 2010725.0 24
1651444880899 2009336.0 25
1651444888753 1992524.0 26
1651444896691 1993720.0 27
1651444904551 1984851.0 28
1651444912455 1983910.0 29
1651444920317 1985381.0 30
1651444928216 1972710.0 31
1651444936041 1960608.0 32
1651444943961 1969105.0 33
1651444951871 1973803.0 34
1651444959751 1947216.0 35
1651444967663 1950638.0 36
1651444975567 1938050.0 37
1651444983452 1949104.0 38
1651444991306 1944628.0 39
1651444999208 1927175.0 40
1651445007083 1935672.0 41
1651445015030 1948803.0 42
1651445022996 1941247.0 43
1651445030855 1941590.0 44
1651445038725 1939750.0 45
1651445050259 2094874.0 46
