1651444682482 0.4277401864528656 0
1651444690408 0.2862194776535034 1
1651444698370 0.2602423429489136 2
1651444706430 0.2523975670337677 3
1651444714537 0.2480248361825943 4
1651444722604 0.2457922250032425 5
1651444730602 0.24316854774951935 6
1651444738624 0.24163790047168732 7
1651444746553 0.24035096168518066 8
1651444754500 0.23770198225975037 9
1651444762434 0.23761709034442902 10
1651444770375 0.23553375899791718 11
1651444778306 0.23563821613788605 12
1651444786211 0.23395459353923798 13
1651444794124 0.23539984226226807 14
1651444802077 0.23420469462871552 15
1651444809962 0.2310168445110321 16
1651444817907 0.23137694597244263 17
1651444825754 0.23040159046649933 18
1651444833597 0.23084120452404022 19
1651444841520 0.22950653731822968 20
1651444849385 0.22967112064361572 21
1651444857233 0.22836413979530334 22
1651444865130 0.22779680788516998 23
1651444873057 0.22695322334766388 24
1651444880899 0.22707907855510712 25
1651444888753 0.22629256546497345 26
1651444896691 0.22621138393878937 27
1651444904551 0.2254103720188141 28
1651444912455 0.22602146863937378 29
1651444920317 0.22484979033470154 30
1651444928216 0.22496363520622253 31
1651444936041 0.22436808049678802 32
1651444943961 0.2243512123823166 33
1651444951871 0.22416341304779053 34
1651444959751 0.22335660457611084 35
1651444967663 0.22222456336021423 36
1651444975567 0.22265222668647766 37
1651444983452 0.22244153916835785 38
1651444991306 0.22318269312381744 39
1651444999208 0.2220902442932129 40
1651445007083 0.22173650562763214 41
1651445015030 0.2225831300020218 42
1651445022996 0.22211648523807526 43
1651445030855 0.22132372856140137 44
1651445038725 0.2208474725484848 45
1651445050259 0.23420469462871552 46
