1651444682482 0.8282391428947449 0
1651444690408 0.9079298973083496 1
1651444698370 0.9215967059135437 2
1651444706430 0.9252527952194214 3
1651444714537 0.9271131157875061 4
1651444722604 0.9276581406593323 5
1651444730602 0.929038941860199 6
1651444738624 0.9295538067817688 7
1651444746553 0.9297075271606445 8
1651444754500 0.9306175112724304 9
1651444762434 0.9308286309242249 10
1651444770375 0.9311639070510864 11
1651444778306 0.9313368201255798 12
1651444786211 0.9321279525756836 13
1651444794124 0.9312397241592407 14
1651444802077 0.9318681359291077 15
1651444809962 0.932804524898529 16
1651444817907 0.9331640005111694 17
1651444825754 0.9336749911308289 18
1651444833597 0.9328760504722595 19
1651444841520 0.9338977336883545 20
1651444849385 0.9340716600418091 21
1651444857233 0.9345869421958923 22
1651444865130 0.9340930581092834 23
1651444873057 0.9344459772109985 24
1651444880899 0.9344739317893982 25
1651444888753 0.9350022673606873 26
1651444896691 0.9349749088287354 27
1651444904551 0.9352401494979858 28
1651444912455 0.9352495074272156 29
1651444920317 0.9352308511734009 30
1651444928216 0.9355766773223877 31
1651444936041 0.9359438419342041 32
1651444943961 0.9356933832168579 33
1651444951871 0.9355699419975281 34
1651444959751 0.936366081237793 35
1651444967663 0.9362891316413879 36
1651444975567 0.9366554617881775 37
1651444983452 0.9363069534301758 38
1651444991306 0.9364290237426758 39
1651444999208 0.9369643926620483 40
1651445007083 0.936708390712738 41
1651445015030 0.9363170862197876 42
1651445022996 0.9365475177764893 43
1651445030855 0.936579704284668 44
1651445038725 0.9366485476493835 45
1651445050259 0.9318681359291077 46
