1651444682482 0.9827325344085693 0
1651444690408 0.9677910804748535 1
1651444698370 0.9644132256507874 2
1651444706430 0.963071346282959 3
1651444714537 0.9623547792434692 4
1651444722604 0.9627426266670227 5
1651444730602 0.9627997875213623 6
1651444738624 0.9620389938354492 7
1651444746553 0.9627507925033569 8
1651444754500 0.9628593921661377 9
1651444762434 0.9630655646324158 10
1651444770375 0.9630920886993408 11
1651444778306 0.9634219408035278 12
1651444786211 0.9627124071121216 13
1651444794124 0.9628639817237854 14
1651444802077 0.9630281329154968 15
1651444809962 0.9634016752243042 16
1651444817907 0.9628911018371582 17
1651444825754 0.9626598954200745 18
1651444833597 0.9634098410606384 19
1651444841520 0.9626917243003845 20
1651444849385 0.962699830532074 21
1651444857233 0.9624552726745605 22
1651444865130 0.9634497761726379 23
1651444873057 0.963350236415863 24
1651444880899 0.9631247520446777 25
1651444888753 0.9633744359016418 26
1651444896691 0.9635188579559326 27
1651444904551 0.9634336829185486 28
1651444912455 0.9631263613700867 29
1651444920317 0.9635445475578308 30
1651444928216 0.9628896713256836 31
1651444936041 0.9628457427024841 32
1651444943961 0.9629939794540405 33
1651444951871 0.9633161425590515 34
1651444959751 0.963049054145813 35
1651444967663 0.9634969830513 36
1651444975567 0.9631915092468262 37
1651444983452 0.963026762008667 38
1651444991306 0.9627858400344849 39
1651444999208 0.9627986550331116 40
1651445007083 0.9628686308860779 41
1651445015030 0.9630411267280579 42
1651445022996 0.9630289673805237 43
1651445030855 0.9637202620506287 44
1651445038725 0.9639245271682739 45
1651445050259 0.9630281329154968 46
