1651444682482 1380262.0 0
1651444690408 4432768.0 1
1651444698370 4911622.0 2
1651444706430 5037875.0 3
1651444714537 5101692.0 4
1651444722604 5118936.0 5
1651444730602 5164700.0 6
1651444738624 5183494.0 7
1651444746553 5186981.0 8
1651444754500 5216870.0 9
1651444762434 5223397.0 10
1651444770375 5234420.0 11
1651444778306 5239411.0 12
1651444786211 5267067.0 13
1651444794124 5237427.0 14
1651444802077 5257814.0 15
1651444809962 5287881.0 16
1651444817907 5300805.0 17
1651444825754 5318095.0 18
1651444833597 5290219.0 19
1651444841520 5325346.0 20
1651444849385 5331038.0 21
1651444857233 5348455.0 22
1651444865130 5330168.0 23
1651444873057 5341963.0 24
1651444880899 5343352.0 25
1651444888753 5360164.0 26
1651444896691 5358968.0 27
1651444904551 5367837.0 28
1651444912455 5368778.0 29
1651444920317 5367307.0 30
1651444928216 5379978.0 31
1651444936041 5392080.0 32
1651444943961 5383583.0 33
1651444951871 5378885.0 34
1651444959751 5405472.0 35
1651444967663 5402050.0 36
1651444975567 5414638.0 37
1651444983452 5403584.0 38
1651444991306 5408060.0 39
1651444999208 5425513.0 40
1651445007083 5417016.0 41
1651445015030 5403885.0 42
1651445022996 5411441.0 43
1651445030855 5411098.0 44
1651445038725 5412938.0 45
1651445050259 5257814.0 46
