1651444682482 31891616.0 0
1651444690408 28794172.0 1
1651444698370 28693668.0 2
1651444706430 28653740.0 3
1651444714537 28632430.0 4
1651444722604 28643960.0 5
1651444730602 28645668.0 6
1651444738624 28623022.0 7
1651444746553 28644214.0 8
1651444754500 28647434.0 9
1651444762434 28653572.0 10
1651444770375 28654362.0 11
1651444778306 28664164.0 12
1651444786211 28643076.0 13
1651444794124 28647568.0 14
1651444802077 28652464.0 15
1651444809962 28663584.0 16
1651444817907 28648384.0 17
1651444825754 28641492.0 18
1651444833597 28663814.0 19
1651444841520 28642452.0 20
1651444849385 28642692.0 21
1651444857233 28635412.0 22
1651444865130 28665004.0 23
1651444873057 28662044.0 24
1651444880899 28655346.0 25
1651444888753 28662748.0 26
1651444896691 28667056.0 27
1651444904551 28664530.0 28
1651444912455 28655384.0 29
1651444920317 28667822.0 30
1651444928216 28648336.0 31
1651444936041 28647036.0 32
1651444943961 28651448.0 33
1651444951871 28661028.0 34
1651444959751 28653082.0 35
1651444967663 28666412.0 36
1651444975567 28657324.0 37
1651444983452 28652404.0 38
1651444991306 28645256.0 39
1651444999208 28645636.0 40
1651445007083 28647718.0 41
1651445015030 28652842.0 42
1651445022996 28652488.0 43
1651445030855 28673052.0 44
1651445038725 28679124.0 45
1651445050259 28652464.0 46
