1651498440073 0.8298385143280029 0
1651498443860 0.8018418550491333 1
1651498447669 0.8018418550491333 2
1651498451421 0.8018418550491333 3
1651498455193 0.8018418550491333 4
1651498459031 0.8018418550491333 5
1651498462880 0.8018418550491333 6
1651498466689 0.8018418550491333 7
1651498470475 0.8018418550491333 8
1651498474237 0.8018418550491333 9
1651498478031 0.8023483157157898 10
1651498481855 0.8093438744544983 11
1651498485673 0.8116143345832825 12
1651498489516 0.8149302005767822 13
1651498493360 0.8158591985702515 14
1651498497181 0.8175404071807861 15
1651498501076 0.8179149627685547 16
1651498504867 0.8191815614700317 17
1651498508690 0.8188885450363159 18
1651498512522 0.8195343613624573 19
1651498516369 0.8208237886428833 20
1651498520186 0.8195688128471375 21
1651498524034 0.8208563327789307 22
1651498527818 0.8222726583480835 23
1651498531623 0.822118878364563 24
1651498535440 0.8231996893882751 25
1651498539248 0.8237839341163635 26
1651498543092 0.8245353698730469 27
1651498546903 0.8246212005615234 28
1651498550734 0.8257408738136292 29
1651498554572 0.8255788087844849 30
1651498558388 0.8267861008644104 31
1651498562213 0.8266926407814026 32
1651498565997 0.8270412683486938 33
1651498569775 0.8276693224906921 34
1651498573562 0.8260597586631775 35
1651498577376 0.8268383145332336 36
1651498581192 0.8287140727043152 37
1651498585004 0.8291311264038086 38
1651498588770 0.828428328037262 39
1651498592516 0.8284733295440674 40
1651498596268 0.8295777440071106 41
1651498600068 0.8303037881851196 42
1651498603889 0.8303222060203552 43
1651498607673 0.8308451771736145 44
1651498611466 0.8297147154808044 45
1651498615266 0.831336259841919 46
1651498619069 0.8319746255874634 47
1651498622877 0.8301315903663635 48
1651498626713 0.830159068107605 49
1651498630461 0.8310080170631409 50
1651498634272 0.8323118090629578 51
1651498638044 0.8320401310920715 52
1651498641860 0.8307185769081116 53
1651498645610 0.8325393199920654 54
1651498649428 0.8335779309272766 55
1651498653207 0.8345752954483032 56
1651498656957 0.8337082862854004 57
1651498660722 0.8339762091636658 58
1651498664545 0.8340929746627808 59
1651498668353 0.8358537554740906 60
1651498672115 0.8356946110725403 61
1651498675950 0.8351414203643799 62
1651498679695 0.8358194828033447 63
1651498683441 0.8332567811012268 64
1651498687278 0.8355348706245422 65
1651498691068 0.8367217779159546 66
1651498694801 0.8351917266845703 67
1651498698551 0.8344186544418335 68
1651498702384 0.8353700637817383 69
1651498706190 0.8349315524101257 70
1651498709979 0.8355178833007812 71
1651498713782 0.8335575461387634 72
1651498717624 0.8358703851699829 73
1651498721411 0.8394954204559326 74
1651498725197 0.8363433480262756 75
1651498728971 0.8346894979476929 76
1651498732797 0.8368474245071411 77
1651498736642 0.8372107744216919 78
1651498740500 0.8374242186546326 79
1651498744330 0.837195873260498 80
1651498748185 0.8363174796104431 81
1651498751946 0.8378230929374695 82
1651498755813 0.8384397029876709 83
1651498759632 0.8367652297019958 84
1651498763414 0.8370105624198914 85
1651498767187 0.8395277857780457 86
1651498770989 0.8375681042671204 87
1651498774784 0.8384320735931396 88
1651498778562 0.8384746313095093 89
1651498782395 0.8382092714309692 90
1651498786215 0.839345395565033 91
1651498789999 0.8369325995445251 92
1651498793835 0.8396958112716675 93
1651498797610 0.838961660861969 94
1651498801422 0.839763879776001 95
1651498805281 0.8397185802459717 96
1651498809109 0.8381803035736084 97
1651498812888 0.8396710753440857 98
1651498816696 0.8407770991325378 99
1651498820496 0.8424009084701538 100
1651498824268 0.8407644629478455 101
1651498828089 0.8404858708381653 102
1651498831911 0.8381942510604858 103
1651498835740 0.8403363227844238 104
1651498839572 0.8432003855705261 105
1651498843406 0.841335117816925 106
1651498847191 0.8396434187889099 107
1651498851005 0.8413770198822021 108
1651498854818 0.8414381146430969 109
1651498858631 0.844547688961029 110
1651498862484 0.8423330187797546 111
1651498866314 0.8422760963439941 112
1651498870139 0.8433616161346436 113
1651498873909 0.8415544033050537 114
1651498877677 0.8424748182296753 115
1651498881440 0.8426417112350464 116
1651498885228 0.8414937853813171 117
1651498889058 0.8428797125816345 118
1651498892881 0.8437924981117249 119
1651498896740 0.8405723571777344 120
1651498900568 0.8401674628257751 121
1651498904369 0.8421379923820496 122
1651498908151 0.84226393699646 123
1651498911978 0.8421289324760437 124
1651498915737 0.8425964117050171 125
1651498919567 0.8439684510231018 126
1651498923384 0.8455104827880859 127
1651498927175 0.8454315662384033 128
1651498931030 0.8451569676399231 129
1651498934806 0.8428210020065308 130
1651498938625 0.8450242280960083 131
1651498942445 0.845081627368927 132
1651498946264 0.8445048332214355 133
1651498950057 0.8439162373542786 134
1651498953850 0.8460657596588135 135
1651498957624 0.8448612093925476 136
1651498961496 0.8461129665374756 137
1651498965342 0.8441385626792908 138
1651498969135 0.8455864787101746 139
1651498972954 0.8463079929351807 140
1651498976804 0.8469022512435913 141
1651498980592 0.8445407152175903 142
1651498984430 0.844407320022583 143
1651498988236 0.8449616432189941 144
1651498992069 0.8457551002502441 145
1651498995911 0.8479521870613098 146
1651498999761 0.8458729982376099 147
1651499003586 0.8468095660209656 148
1651499007444 0.8469067811965942 149
1651499011237 0.8452433347702026 150
1651499015044 0.8470572829246521 151
1651499018871 0.8471971750259399 152
1651499022656 0.8450213074684143 153
1651499026510 0.8480103611946106 154
1651499030381 0.8472645878791809 155
1651499034229 0.8479885458946228 156
1651499038109 0.8489233255386353 157
1651499041952 0.8474836945533752 158
1651499045826 0.8483889102935791 159
1651499049624 0.8476355671882629 160
1651499053424 0.846051037311554 161
1651499057276 0.8485240936279297 162
1651499061105 0.8475881814956665 163
1651499064948 0.8499584197998047 164
1651499068788 0.8473681211471558 165
1651499072600 0.8461745977401733 166
1651499076442 0.8493499159812927 167
1651499080251 0.8491581678390503 168
1651499084069 0.8500298857688904 169
1651499087924 0.8480254411697388 170
1651499091698 0.8476768136024475 171
1651499095499 0.8501899838447571 172
1651499099329 0.8482170104980469 173
1651499103185 0.8495774269104004 174
1651499107012 0.8492045402526855 175
1651499110818 0.847671627998352 176
1651499114581 0.8497554659843445 177
1651499118425 0.8499729633331299 178
1651499122212 0.8502758145332336 179
1651499126012 0.8492929935455322 180
1651499129782 0.8484644293785095 181
1651499133559 0.8497292995452881 182
1651499137335 0.8491578102111816 183
1651499141108 0.8502181172370911 184
1651499144879 0.8515207767486572 185
1651499148719 0.8504946231842041 186
1651499152544 0.8509700298309326 187
1651499156378 0.8506417870521545 188
1651499160180 0.8490211963653564 189
1651499163995 0.8526389598846436 190
1651499167802 0.85036301612854 191
1651499171612 0.8484013676643372 192
1651499175402 0.852077066898346 193
1651499179146 0.8516766428947449 194
1651499182934 0.8495072722434998 195
1651499186719 0.8527845144271851 196
1651499190496 0.8507779240608215 197
1651499194273 0.8510167598724365 198
1651499198046 0.8508594036102295 199
1651499201850 0.851374089717865 200
1651499250943 0.8480254411697388 201
