1651498440073 0.7793749570846558 0
1651498443860 0.71968013048172 1
1651498447669 0.7608675360679626 2
1651498451421 0.777763843536377 3
1651498455193 0.7909374237060547 4
1651498459031 0.8030532598495483 5
1651498462880 0.8104544281959534 6
1651498466689 0.8098161816596985 7
1651498470475 0.8153179287910461 8
1651498474237 0.8191850781440735 9
1651498478031 0.8209424018859863 10
1651498481855 0.8220857381820679 11
1651498485673 0.8256482481956482 12
1651498489516 0.8287160992622375 13
1651498493360 0.827896237373352 14
1651498497181 0.8297483921051025 15
1651498501076 0.830506443977356 16
1651498504867 0.8343731164932251 17
1651498508690 0.8338599801063538 18
1651498512522 0.8332530856132507 19
1651498516369 0.8363198041915894 20
1651498520186 0.8362969756126404 21
1651498524034 0.8392829298973083 22
1651498527818 0.8414035439491272 23
1651498531623 0.8403155207633972 24
1651498535440 0.8442186117172241 25
1651498539248 0.845339298248291 26
1651498543092 0.8440510034561157 27
1651498546903 0.8454532027244568 28
1651498550734 0.8472468852996826 29
1651498554572 0.846895694732666 30
1651498558388 0.8481146693229675 31
1651498562213 0.8484057188034058 32
1651498565997 0.8491440415382385 33
1651498569775 0.8487711548805237 34
1651498573562 0.8418688178062439 35
1651498577376 0.8498961925506592 36
1651498581192 0.8523180484771729 37
1651498585004 0.8528009653091431 38
1651498588770 0.8522422313690186 39
1651498592516 0.8508604764938354 40
1651498596268 0.8539175987243652 41
1651498600068 0.8540947437286377 42
1651498603889 0.855877161026001 43
1651498607673 0.8572668433189392 44
1651498611466 0.8556207418441772 45
1651498615266 0.8565834760665894 46
1651498619069 0.8582468628883362 47
1651498622877 0.8556786179542542 48
1651498626713 0.8534009456634521 49
1651498630461 0.8579570651054382 50
1651498634272 0.8583347797393799 51
1651498638044 0.8589010834693909 52
1651498641860 0.8573081493377686 53
1651498645610 0.8541949391365051 54
1651498649428 0.860104501247406 55
1651498653207 0.861786425113678 56
1651498656957 0.8613170981407166 57
1651498660722 0.8611239194869995 58
1651498664545 0.8613805770874023 59
1651498668353 0.863486647605896 60
1651498672115 0.8607847690582275 61
1651498675950 0.8635358214378357 62
1651498679695 0.8635627627372742 63
1651498683441 0.8611469864845276 64
1651498687278 0.8648295402526855 65
1651498691068 0.8646215796470642 66
1651498694801 0.8648331761360168 67
1651498698551 0.8612762093544006 68
1651498702384 0.8632066249847412 69
1651498706190 0.8581717014312744 70
1651498709979 0.8631320595741272 71
1651498713782 0.8637940287590027 72
1651498717624 0.8647452592849731 73
1651498721411 0.868002712726593 74
1651498725197 0.8623343706130981 75
1651498728971 0.8648660182952881 76
1651498732797 0.8643094897270203 77
1651498736642 0.8682978749275208 78
1651498740500 0.8666305541992188 79
1651498744330 0.8661816716194153 80
1651498748185 0.8667426705360413 81
1651498751946 0.8673675656318665 82
1651498755813 0.8701043725013733 83
1651498759632 0.8682090044021606 84
1651498763414 0.8656481504440308 85
1651498767187 0.8689742088317871 86
1651498770989 0.8649227619171143 87
1651498774784 0.869720458984375 88
1651498778562 0.8658897876739502 89
1651498782395 0.8668979406356812 90
1651498786215 0.8713580369949341 91
1651498789999 0.867034912109375 92
1651498793835 0.8710120320320129 93
1651498797610 0.8699390888214111 94
1651498801422 0.8712136745452881 95
1651498805281 0.8705635070800781 96
1651498809109 0.8673055768013 97
1651498812888 0.8718686699867249 98
1651498816696 0.8719469904899597 99
1651498820496 0.8736931085586548 100
1651498824268 0.8703324794769287 101
1651498828089 0.8708561062812805 102
1651498831911 0.8682909607887268 103
1651498835740 0.870319664478302 104
1651498839572 0.8724585175514221 105
1651498843406 0.8708613514900208 106
1651498847191 0.8717548847198486 107
1651498851005 0.8737329840660095 108
1651498854818 0.8739213943481445 109
1651498858631 0.8742398023605347 110
1651498862484 0.8733532428741455 111
1651498866314 0.8740193247795105 112
1651498870139 0.8736757636070251 113
1651498873909 0.8712673187255859 114
1651498877677 0.8751988410949707 115
1651498881440 0.8750857710838318 116
1651498885228 0.8751235008239746 117
1651498889058 0.8745663166046143 118
1651498892881 0.8753182291984558 119
1651498896740 0.8716307282447815 120
1651498900568 0.8732436299324036 121
1651498904369 0.8762866854667664 122
1651498908151 0.874891996383667 123
1651498911978 0.8739538192749023 124
1651498915737 0.8729232549667358 125
1651498919567 0.875838041305542 126
1651498923384 0.878260612487793 127
1651498927175 0.8783060908317566 128
1651498931030 0.8773183226585388 129
1651498934806 0.8734484910964966 130
1651498938625 0.8766269683837891 131
1651498942445 0.8770347833633423 132
1651498946264 0.8753248453140259 133
1651498950057 0.8772359490394592 134
1651498953850 0.8769237995147705 135
1651498957624 0.8786413669586182 136
1651498961496 0.8773165941238403 137
1651498965342 0.8756433725357056 138
1651498969135 0.8787734508514404 139
1651498972954 0.8789746761322021 140
1651498976804 0.8792775869369507 141
1651498980592 0.8761301040649414 142
1651498984430 0.8780617117881775 143
1651498988236 0.8791772723197937 144
1651498992069 0.8780285716056824 145
1651498995911 0.8793920278549194 146
1651498999761 0.8800141215324402 147
1651499003586 0.8789650201797485 148
1651499007444 0.8778020739555359 149
1651499011237 0.8787534832954407 150
1651499015044 0.8790799975395203 151
1651499018871 0.8790262341499329 152
1651499022656 0.8769529461860657 153
1651499026510 0.8793044090270996 154
1651499030381 0.8825024962425232 155
1651499034229 0.8820071816444397 156
1651499038109 0.8829779028892517 157
1651499041952 0.8816282153129578 158
1651499045826 0.8811688423156738 159
1651499049624 0.8804293274879456 160
1651499053424 0.8793537020683289 161
1651499057276 0.8830537796020508 162
1651499061105 0.8826741576194763 163
1651499064948 0.8847842812538147 164
1651499068788 0.8808165192604065 165
1651499072600 0.8814765214920044 166
1651499076442 0.8851214051246643 167
1651499080251 0.8841782212257385 168
1651499084069 0.882955014705658 169
1651499087924 0.8845298886299133 170
1651499091698 0.8820064663887024 171
1651499095499 0.8827505111694336 172
1651499099329 0.8811377882957458 173
1651499103185 0.883569061756134 174
1651499107012 0.882146418094635 175
1651499110818 0.8824841380119324 176
1651499114581 0.8861508369445801 177
1651499118425 0.8847251534461975 178
1651499122212 0.8822910189628601 179
1651499126012 0.883495569229126 180
1651499129782 0.8823844790458679 181
1651499133559 0.8827964067459106 182
1651499137335 0.883333146572113 183
1651499141108 0.8842765092849731 184
1651499144879 0.885535478591919 185
1651499148719 0.8847562074661255 186
1651499152544 0.884073793888092 187
1651499156378 0.8849462866783142 188
1651499160180 0.8821896314620972 189
1651499163995 0.8870003819465637 190
1651499167802 0.8838437795639038 191
1651499171612 0.8839974999427795 192
1651499175402 0.8834790587425232 193
1651499179146 0.8849707841873169 194
1651499182934 0.8856121897697449 195
1651499186719 0.8869333863258362 196
1651499190496 0.8855319023132324 197
1651499194273 0.8868210911750793 198
1651499198046 0.8866016268730164 199
1651499201850 0.8868969678878784 200
1651499250943 0.8845298886299133 201
