1651498440073 360614.0 0
1651498443860 0.0 1
1651498447669 0.0 2
1651498451421 0.0 3
1651498455193 0.0 4
1651498459031 0.0 5
1651498462880 0.0 6
1651498466689 0.0 7
1651498470475 0.0 8
1651498474237 0.0 9
1651498478031 2625.0 10
1651498481855 49930.0 11
1651498485673 76896.0 12
1651498489516 107974.0 13
1651498493360 137506.0 14
1651498497181 161536.0 15
1651498501076 178189.0 16
1651498504867 165478.0 17
1651498508690 220703.0 18
1651498512522 223901.0 19
1651498516369 193667.0 20
1651498520186 227820.0 21
1651498524034 205998.0 22
1651498527818 242630.0 23
1651498531623 229516.0 24
1651498535440 250033.0 25
1651498539248 308296.0 26
1651498543092 292010.0 27
1651498546903 281161.0 28
1651498550734 321762.0 29
1651498554572 291401.0 30
1651498558388 291035.0 31
1651498562213 317261.0 32
1651498565997 313103.0 33
1651498569775 304500.0 34
1651498573562 310251.0 35
1651498577376 273418.0 36
1651498581192 335746.0 37
1651498585004 312926.0 38
1651498588770 296093.0 39
1651498592516 354535.0 40
1651498596268 304106.0 41
1651498600068 336962.0 42
1651498603889 340941.0 43
1651498607673 334656.0 44
1651498611466 339756.0 45
1651498615266 339385.0 46
1651498619069 349805.0 47
1651498622877 336849.0 48
1651498626713 357072.0 49
1651498630461 333215.0 50
1651498634272 359935.0 51
1651498638044 333389.0 52
1651498641860 361790.0 53
1651498645610 345588.0 54
1651498649428 303002.0 55
1651498653207 357026.0 56
1651498656957 353792.0 57
1651498660722 360945.0 58
1651498664545 333837.0 59
1651498668353 349773.0 60
1651498672115 320122.0 61
1651498675950 352264.0 62
1651498679695 360151.0 63
1651498683441 358321.0 64
1651498687278 371185.0 65
1651498691068 348671.0 66
1651498694801 356217.0 67
1651498698551 387049.0 68
1651498702384 332461.0 69
1651498706190 369440.0 70
1651498709979 342877.0 71
1651498713782 353957.0 72
1651498717624 370254.0 73
1651498721411 340760.0 74
1651498725197 363581.0 75
1651498728971 374129.0 76
1651498732797 344893.0 77
1651498736642 370165.0 78
1651498740500 362218.0 79
1651498744330 340699.0 80
1651498748185 376105.0 81
1651498751946 356936.0 82
1651498755813 360544.0 83
1651498759632 361703.0 84
1651498763414 369983.0 85
1651498767187 361526.0 86
1651498770989 350572.0 87
1651498774784 350457.0 88
1651498778562 356468.0 89
1651498782395 372045.0 90
1651498786215 344570.0 91
1651498789999 404335.0 92
1651498793835 328680.0 93
1651498797610 376859.0 94
1651498801422 357127.0 95
1651498805281 383260.0 96
1651498809109 340721.0 97
1651498812888 349688.0 98
1651498816696 357375.0 99
1651498820496 335597.0 100
1651498824268 340668.0 101
1651498828089 337472.0 102
1651498831911 339092.0 103
1651498835740 334631.0 104
1651498839572 333946.0 105
1651498843406 341576.0 106
1651498847191 317978.0 107
1651498851005 312566.0 108
1651498854818 342886.0 109
1651498858631 332683.0 110
1651498862484 313998.0 111
1651498866314 317578.0 112
1651498870139 327978.0 113
1651498873909 330242.0 114
1651498877677 323340.0 115
1651498881440 326870.0 116
1651498885228 342213.0 117
1651498889058 329720.0 118
1651498892881 331725.0 119
1651498896740 320893.0 120
1651498900568 336016.0 121
1651498904369 322227.0 122
1651498908151 328462.0 123
1651498911978 322738.0 124
1651498915737 330911.0 125
1651498919567 317335.0 126
1651498923384 320165.0 127
1651498927175 307093.0 128
1651498931030 315911.0 129
1651498934806 326582.0 130
1651498938625 332441.0 131
1651498942445 306775.0 132
1651498946264 309123.0 133
1651498950057 314829.0 134
1651498953850 315813.0 135
1651498957624 304868.0 136
1651498961496 311340.0 137
1651498965342 301790.0 138
1651498969135 315684.0 139
1651498972954 300231.0 140
1651498976804 312125.0 141
1651498980592 318785.0 142
1651498984430 317160.0 143
1651498988236 315720.0 144
1651498992069 292650.0 145
1651498995911 323822.0 146
1651498999761 323953.0 147
1651499003586 306335.0 148
1651499007444 316316.0 149
1651499011237 317056.0 150
1651499015044 328938.0 151
1651499018871 300601.0 152
1651499022656 316763.0 153
1651499026510 318670.0 154
1651499030381 328285.0 155
1651499034229 308151.0 156
1651499038109 323203.0 157
1651499041952 310710.0 158
1651499045826 314030.0 159
1651499049624 311391.0 160
1651499053424 305212.0 161
1651499057276 315876.0 162
1651499061105 320823.0 163
1651499064948 306246.0 164
1651499068788 300782.0 165
1651499072600 317324.0 166
1651499076442 315433.0 167
1651499080251 312335.0 168
1651499084069 314162.0 169
1651499087924 317559.0 170
1651499091698 335124.0 171
1651499095499 292412.0 172
1651499099329 314683.0 173
1651499103185 306361.0 174
1651499107012 322657.0 175
1651499110818 311066.0 176
1651499114581 294763.0 177
1651499118425 310933.0 178
1651499122212 309099.0 179
1651499126012 306110.0 180
1651499129782 291388.0 181
1651499133559 304242.0 182
1651499137335 301030.0 183
1651499141108 317851.0 184
1651499144879 296336.0 185
1651499148719 299370.0 186
1651499152544 303260.0 187
1651499156378 320743.0 188
1651499160180 300312.0 189
1651499163995 298464.0 190
1651499167802 315865.0 191
1651499171612 290368.0 192
1651499175402 312427.0 193
1651499179146 303507.0 194
1651499182934 306870.0 195
1651499186719 300884.0 196
1651499190496 307538.0 197
1651499194273 311860.0 198
1651499198046 304317.0 199
1651499201850 297266.0 200
1651499250943 317559.0 201
