1651498440073 1260173.0 0
1651498443860 1225448.0 1
1651498447669 1225448.0 2
1651498451421 1225448.0 3
1651498455193 1225448.0 4
1651498459031 1225448.0 5
1651498462880 1225448.0 6
1651498466689 1225448.0 7
1651498470475 1225448.0 8
1651498474237 1225448.0 9
1651498478031 1219691.0 10
1651498481855 1129124.0 11
1651498485673 1088117.0 12
1651498489516 1036533.0 13
1651498493360 1001256.0 14
1651498497181 966829.0 15
1651498501076 947860.0 16
1651498504867 952738.0 17
1651498508690 899325.0 18
1651498512522 892133.0 19
1651498516369 914393.0 20
1651498520186 888001.0 21
1651498524034 901861.0 22
1651498527818 856470.0 23
1651498531623 870535.0 24
1651498535440 843334.0 25
1651498539248 781458.0 26
1651498543092 793097.0 27
1651498546903 803415.0 28
1651498550734 755890.0 29
1651498554572 787253.0 30
1651498558388 780153.0 31
1651498562213 754505.0 32
1651498565997 756507.0 33
1651498569775 761226.0 34
1651498573562 765429.0 35
1651498577376 797447.0 36
1651498581192 723519.0 37
1651498585004 743760.0 38
1651498588770 764939.0 39
1651498592516 706219.0 40
1651498596268 749818.0 41
1651498600068 712472.0 42
1651498603889 708379.0 43
1651498607673 711430.0 44
1651498611466 713321.0 45
1651498615266 703664.0 46
1651498619069 689296.0 47
1651498622877 713650.0 48
1651498626713 693257.0 49
1651498630461 711864.0 50
1651498634272 677081.0 51
1651498638044 705307.0 52
1651498641860 685079.0 53
1651498645610 690021.0 54
1651498649428 726184.0 55
1651498653207 665992.0 56
1651498656957 674588.0 57
1651498660722 665778.0 58
1651498664545 692164.0 59
1651498668353 665339.0 60
1651498672115 695974.0 61
1651498675950 667253.0 62
1651498679695 655173.0 63
1651498683441 672851.0 64
1651498687278 645899.0 65
1651498691068 661073.0 66
1651498694801 662989.0 67
1651498698551 636938.0 68
1651498702384 685642.0 69
1651498706190 651375.0 70
1651498709979 674312.0 71
1651498713782 675355.0 72
1651498717624 644755.0 73
1651498721411 651831.0 74
1651498725197 648503.0 75
1651498728971 648183.0 76
1651498732797 664074.0 77
1651498736642 636555.0 78
1651498740500 643182.0 79
1651498744330 666113.0 80
1651498748185 636139.0 81
1651498751946 645997.0 82
1651498755813 638576.0 83
1651498759632 647772.0 84
1651498763414 637975.0 85
1651498767187 630865.0 86
1651498770989 653938.0 87
1651498774784 648710.0 88
1651498778562 642436.0 89
1651498782395 628500.0 90
1651498786215 648949.0 91
1651498789999 604105.0 92
1651498793835 662672.0 93
1651498797610 619033.0 94
1651498801422 633804.0 95
1651498805281 607951.0 96
1651498809109 660003.0 97
1651498812888 641817.0 98
1651498816696 627290.0 99
1651498820496 639026.0 100
1651498824268 644075.0 101
1651498828089 648994.0 102
1651498831911 661546.0 103
1651498835740 652760.0 104
1651498839572 635733.0 105
1651498843406 639638.0 106
1651498847191 673698.0 107
1651498851005 668389.0 108
1651498854818 637691.0 109
1651498858631 628664.0 110
1651498862484 661045.0 111
1651498866314 657817.0 112
1651498870139 640704.0 113
1651498873909 649616.0 114
1651498877677 650826.0 115
1651498881440 646264.0 116
1651498885228 638020.0 117
1651498889058 641942.0 118
1651498892881 634292.0 119
1651498896740 665038.0 120
1651498900568 652419.0 121
1651498904369 654022.0 122
1651498908151 647008.0 123
1651498911978 653567.0 124
1651498915737 642503.0 125
1651498919567 647594.0 126
1651498923384 635228.0 127
1651498927175 648788.0 128
1651498931030 641668.0 129
1651498934806 645443.0 130
1651498938625 625959.0 131
1651498942445 651270.0 132
1651498946264 652489.0 133
1651498950057 650423.0 134
1651498953850 636146.0 135
1651498957624 654540.0 136
1651498961496 640327.0 137
1651498965342 662087.0 138
1651498969135 639239.0 139
1651498972954 650230.0 140
1651498976804 634661.0 141
1651498980592 642605.0 142
1651498984430 645055.0 143
1651498988236 643067.0 144
1651498992069 661230.0 145
1651498995911 616471.0 146
1651498999761 629198.0 147
1651499003586 641024.0 148
1651499007444 630442.0 149
1651499011237 639989.0 150
1651499015044 616889.0 151
1651499018871 644361.0 152
1651499022656 641655.0 153
1651499026510 621263.0 154
1651499030381 616260.0 155
1651499034229 631917.0 156
1651499038109 611084.0 157
1651499041952 632480.0 158
1651499045826 623562.0 159
1651499049624 630860.0 160
1651499053424 646838.0 161
1651499057276 620880.0 162
1651499061105 621721.0 163
1651499064948 621640.0 164
1651499068788 643123.0 165
1651499072600 633962.0 166
1651499076442 616216.0 167
1651499080251 620500.0 168
1651499084069 613282.0 169
1651499087924 622281.0 170
1651499091698 606872.0 171
1651499095499 634042.0 172
1651499099329 623972.0 173
1651499103185 623881.0 174
1651499107012 609891.0 175
1651499110818 630962.0 176
1651499114581 634378.0 177
1651499118425 616863.0 178
1651499122212 616824.0 179
1651499126012 625891.0 180
1651499129782 645737.0 181
1651499133559 625061.0 182
1651499137335 631807.0 183
1651499141108 608429.0 184
1651499144879 621888.0 185
1651499148719 625200.0 186
1651499152544 618370.0 187
1651499156378 602917.0 188
1651499160180 633370.0 189
1651499163995 612845.0 190
1651499167802 609519.0 191
1651499171612 647147.0 192
1651499175402 602357.0 193
1651499179146 613753.0 194
1651499182934 623806.0 195
1651499186719 609525.0 196
1651499190496 615280.0 197
1651499194273 609481.0 198
1651499198046 617997.0 199
1651499201850 621865.0 200
1651499250943 622281.0 201
