1651498440073 0.519497275352478 0
1651498443860 0.44980743527412415 1
1651498447669 0.4278396964073181 2
1651498451421 0.418224573135376 3
1651498455193 0.409612238407135 4
1651498459031 0.401163250207901 5
1651498462880 0.39602264761924744 6
1651498466689 0.39655205607414246 7
1651498470475 0.392532080411911 8
1651498474237 0.3893586993217468 9
1651498478031 0.3881816267967224 10
1651498481855 0.3871448040008545 11
1651498485673 0.3842930793762207 12
1651498489516 0.3818873465061188 13
1651498493360 0.3827615976333618 14
1651498497181 0.38092172145843506 15
1651498501076 0.3805249035358429 16
1651498504867 0.3771618902683258 17
1651498508690 0.37739962339401245 18
1651498512522 0.377865731716156 19
1651498516369 0.37587565183639526 20
1651498520186 0.37530210614204407 21
1651498524034 0.37267810106277466 22
1651498527818 0.3708713948726654 23
1651498531623 0.371906578540802 24
1651498535440 0.3680822551250458 25
1651498539248 0.36675190925598145 26
1651498543092 0.36815905570983887 27
1651498546903 0.366847962141037 28
1651498550734 0.36519086360931396 29
1651498554572 0.3656961917877197 30
1651498558388 0.36440905928611755 31
1651498562213 0.36432576179504395 32
1651498565997 0.36354711651802063 33
1651498569775 0.3638348877429962 34
1651498573562 0.3710547089576721 35
1651498577376 0.36302006244659424 36
1651498581192 0.360306054353714 37
1651498585004 0.3601631820201874 38
1651498588770 0.36059457063674927 39
1651498592516 0.3617548942565918 40
1651498596268 0.358933687210083 41
1651498600068 0.3585622310638428 42
1651498603889 0.356635719537735 43
1651498607673 0.3554899990558624 44
1651498611466 0.35698720812797546 45
1651498615266 0.3562384247779846 46
1651498619069 0.3546706736087799 47
1651498622877 0.35683250427246094 48
1651498626713 0.3590621054172516 49
1651498630461 0.35456418991088867 50
1651498634272 0.3542674481868744 51
1651498638044 0.35382452607154846 52
1651498641860 0.3552494943141937 53
1651498645610 0.3588901460170746 54
1651498649428 0.3531445562839508 55
1651498653207 0.35081568360328674 56
1651498656957 0.3514263927936554 57
1651498660722 0.3513849973678589 58
1651498664545 0.3514712154865265 59
1651498668353 0.3493908643722534 60
1651498672115 0.35216957330703735 61
1651498675950 0.3489932417869568 62
1651498679695 0.3489985466003418 63
1651498683441 0.3512493968009949 64
1651498687278 0.34749212861061096 65
1651498691068 0.34795916080474854 66
1651498694801 0.3473813533782959 67
1651498698551 0.35093048214912415 68
1651498702384 0.3494262099266052 69
1651498706190 0.35448890924453735 70
1651498709979 0.3496425151824951 71
1651498713782 0.3485507071018219 72
1651498717624 0.3474465608596802 73
1651498721411 0.34455350041389465 74
1651498725197 0.34986022114753723 75
1651498728971 0.3473592698574066 76
1651498732797 0.3480261564254761 77
1651498736642 0.34372684359550476 78
1651498740500 0.3456636369228363 79
1651498744330 0.346227765083313 80
1651498748185 0.3454543352127075 81
1651498751946 0.3446701169013977 82
1651498755813 0.3418715000152588 83
1651498759632 0.34366995096206665 84
1651498763414 0.346373051404953 85
1651498767187 0.34301048517227173 86
1651498770989 0.34729069471359253 87
1651498774784 0.34236815571784973 88
1651498778562 0.3462177515029907 89
1651498782395 0.3450814187526703 90
1651498786215 0.34060338139533997 91
1651498789999 0.3448665142059326 92
1651498793835 0.341018408536911 93
1651498797610 0.342012494802475 94
1651498801422 0.34023356437683105 95
1651498805281 0.34068241715431213 96
1651498809109 0.3442665636539459 97
1651498812888 0.33923614025115967 98
1651498816696 0.33917126059532166 99
1651498820496 0.3371931314468384 100
1651498824268 0.3408893644809723 101
1651498828089 0.3401319980621338 102
1651498831911 0.34310412406921387 103
1651498835740 0.3408048748970032 104
1651498839572 0.338458389043808 105
1651498843406 0.3401109576225281 106
1651498847191 0.3390807807445526 107
1651498851005 0.336950421333313 108
1651498854818 0.3366081118583679 109
1651498858631 0.33621594309806824 110
1651498862484 0.3371982276439667 111
1651498866314 0.33653414249420166 112
1651498870139 0.33694931864738464 113
1651498873909 0.3395334780216217 114
1651498877677 0.33538198471069336 115
1651498881440 0.33541616797447205 116
1651498885228 0.3351753056049347 117
1651498889058 0.3358186185359955 118
1651498892881 0.3350105285644531 119
1651498896740 0.33899763226509094 120
1651498900568 0.33718663454055786 121
1651498904369 0.3338082432746887 122
1651498908151 0.3356785178184509 123
1651498911978 0.3364810645580292 124
1651498915737 0.33772313594818115 125
1651498919567 0.33452025055885315 126
1651498923384 0.331718385219574 127
1651498927175 0.3316962718963623 128
1651498931030 0.33248475193977356 129
1651498934806 0.33688563108444214 130
1651498938625 0.33332985639572144 131
1651498942445 0.3328128457069397 132
1651498946264 0.33463096618652344 133
1651498950057 0.3326895833015442 134
1651498953850 0.33283132314682007 135
1651498957624 0.3311300277709961 136
1651498961496 0.33255353569984436 137
1651498965342 0.33437782526016235 138
1651498969135 0.330839067697525 139
1651498972954 0.3305374085903168 140
1651498976804 0.33017098903656006 141
1651498980592 0.33403280377388 142
1651498984430 0.331542044878006 143
1651498988236 0.3302919268608093 144
1651498992069 0.3316129148006439 145
1651498995911 0.330043226480484 146
1651498999761 0.32959169149398804 147
1651499003586 0.33069923520088196 148
1651499007444 0.331879198551178 149
1651499011237 0.33060500025749207 150
1651499015044 0.33023419976234436 151
1651499018871 0.3306606709957123 152
1651499022656 0.3326283097267151 153
1651499026510 0.32991230487823486 154
1651499030381 0.32652008533477783 155
1651499034229 0.32689592242240906 156
1651499038109 0.3261106610298157 157
1651499041952 0.32725268602371216 158
1651499045826 0.3280048072338104 159
1651499049624 0.3285670280456543 160
1651499053424 0.33004021644592285 161
1651499057276 0.3259604573249817 162
1651499061105 0.3260086178779602 163
1651499064948 0.3233909010887146 164
1651499068788 0.3282774090766907 165
1651499072600 0.32750728726387024 166
1651499076442 0.32325223088264465 167
1651499080251 0.3244642913341522 168
1651499084069 0.3257697522640228 169
1651499087924 0.3239316940307617 170
1651499091698 0.32672032713890076 171
1651499095499 0.325795441865921 172
1651499099329 0.32792022824287415 173
1651499103185 0.3252025842666626 174
1651499107012 0.32719331979751587 175
1651499110818 0.3264666795730591 176
1651499114581 0.32197368144989014 177
1651499118425 0.3236771523952484 178
1651499122212 0.32630500197410583 179
1651499126012 0.3251383900642395 180
1651499129782 0.3263431489467621 181
1651499133559 0.32582420110702515 182
1651499137335 0.3254750669002533 183
1651499141108 0.324503093957901 184
1651499144879 0.3226730227470398 185
1651499148719 0.3238031268119812 186
1651499152544 0.32446470856666565 187
1651499156378 0.3231916129589081 188
1651499160180 0.32662197947502136 189
1651499163995 0.3208737075328827 190
1651499167802 0.3246733248233795 191
1651499171612 0.3243454396724701 192
1651499175402 0.32515043020248413 193
1651499179146 0.3231363594532013 194
1651499182934 0.3224072754383087 195
1651499186719 0.3209472596645355 196
1651499190496 0.3225800096988678 197
1651499194273 0.3208901882171631 198
1651499198046 0.3212333023548126 199
1651499201850 0.3208714425563812 200
1651499250943 0.3239316940307617 201
