1651498440073 0.8527460098266602 0
1651498443860 0.8018418550491333 1
1651498447669 0.8018418550491333 2
1651498451421 0.8018418550491333 3
1651498455193 0.8018418550491333 4
1651498459031 0.8018418550491333 5
1651498462880 0.8018418550491333 6
1651498466689 0.8018418550491333 7
1651498470475 0.8018418550491333 8
1651498474237 0.8018418550491333 9
1651498478031 0.8025050759315491 10
1651498481855 0.8129950761795044 11
1651498485673 0.8177347779273987 12
1651498489516 0.8239375352859497 13
1651498493360 0.8280366063117981 14
1651498497181 0.832265317440033 15
1651498501076 0.8345336318016052 16
1651498504867 0.8341912031173706 17
1651498508690 0.8404707312583923 18
1651498512522 0.841454267501831 19
1651498516369 0.8390002846717834 20
1651498520186 0.841962456703186 21
1651498524034 0.8405086398124695 22
1651498527818 0.8463065028190613 23
1651498531623 0.8445407152175903 24
1651498535440 0.8481038808822632 25
1651498539248 0.8561356067657471 26
1651498543092 0.8547396659851074 27
1651498546903 0.8534181118011475 28
1651498550734 0.8598353266716003 29
1651498554572 0.8556716442108154 30
1651498558388 0.8567965030670166 31
1651498562213 0.8601729869842529 32
1651498565997 0.8599618077278137 33
1651498569775 0.8594349026679993 34
1651498573562 0.8586183786392212 35
1651498577376 0.8545540571212769 36
1651498581192 0.8646746873855591 37
1651498585004 0.8620003461837769 38
1651498588770 0.8590646982192993 39
1651498592516 0.8670127987861633 40
1651498596268 0.8612592816352844 41
1651498600068 0.8664345741271973 42
1651498603889 0.8670005798339844 43
1651498607673 0.8666614890098572 44
1651498611466 0.8662266135215759 45
1651498615266 0.8678074479103088 46
1651498619069 0.8699008226394653 47
1651498622877 0.8662461042404175 48
1651498626713 0.8690715432167053 49
1651498630461 0.866627037525177 50
1651498634272 0.8716650605201721 51
1651498638044 0.8676886558532715 52
1651498641860 0.8703001141548157 53
1651498645610 0.8698853254318237 54
1651498649428 0.8650698661804199 55
1651498653207 0.8735708594322205 56
1651498656957 0.8722259998321533 57
1651498660722 0.8735122680664062 58
1651498664545 0.8698223233222961 59
1651498668353 0.8738529086112976 60
1651498672115 0.8695357441902161 61
1651498675950 0.8734761476516724 62
1651498679695 0.8752946257591248 63
1651498683441 0.8724035620689392 64
1651498687278 0.8765827417373657 65
1651498691068 0.8745864629745483 66
1651498694801 0.8740885257720947 67
1651498698551 0.8777149319648743 68
1651498702384 0.8709239959716797 69
1651498706190 0.8757079243659973 70
1651498709979 0.8725351095199585 71
1651498713782 0.8720952868461609 72
1651498717624 0.876796305179596 73
1651498721411 0.8763085603713989 74
1651498725197 0.8763263821601868 75
1651498728971 0.8761307001113892 76
1651498732797 0.874178946018219 77
1651498736642 0.8781744241714478 78
1651498740500 0.8772485256195068 79
1651498744330 0.8739414811134338 80
1651498748185 0.8781057596206665 81
1651498751946 0.8769015073776245 82
1651498755813 0.8780593276023865 83
1651498759632 0.8764928579330444 84
1651498763414 0.8779400587081909 85
1651498767187 0.8793314695358276 86
1651498770989 0.8757270574569702 87
1651498774784 0.8766006231307983 88
1651498778562 0.8775078654289246 89
1651498782395 0.8794868588447571 90
1651498786215 0.8766988515853882 91
1651498789999 0.8828916549682617 92
1651498793835 0.8747959733009338 93
1651498797610 0.8809762001037598 94
1651498801422 0.8789392709732056 95
1651498805281 0.882712721824646 96
1651498809109 0.8749526739120483 97
1651498812888 0.8777694702148438 98
1651498816696 0.880028486251831 99
1651498820496 0.878562331199646 100
1651498824268 0.8776023387908936 101
1651498828089 0.8768574595451355 102
1651498831911 0.8747355937957764 103
1651498835740 0.8762979507446289 104
1651498839572 0.879150390625 105
1651498843406 0.8783219456672668 106
1651498847191 0.8732331395149231 107
1651498851005 0.8742345571517944 108
1651498854818 0.8786171078681946 109
1651498858631 0.8803621530532837 110
1651498862484 0.8754106760025024 111
1651498866314 0.8758597373962402 112
1651498870139 0.8784582018852234 113
1651498873909 0.8769227862358093 114
1651498877677 0.876882791519165 115
1651498881440 0.8775583505630493 116
1651498885228 0.8785776495933533 117
1651498889058 0.8782116770744324 118
1651498892881 0.8794422149658203 119
1651498896740 0.8745895028114319 120
1651498900568 0.8763220906257629 121
1651498904369 0.8763789534568787 122
1651498908151 0.8773976564407349 123
1651498911978 0.8764423727989197 124
1651498915737 0.8780906796455383 125
1651498919567 0.8775584101676941 126
1651498923384 0.8795503973960876 127
1651498927175 0.8775973320007324 128
1651498931030 0.8785755038261414 129
1651498934806 0.8777015209197998 130
1651498938625 0.8808210492134094 131
1651498942445 0.8771939277648926 132
1651498946264 0.8769378662109375 133
1651498950057 0.8771474361419678 134
1651498953850 0.8794967532157898 135
1651498957624 0.8766976594924927 136
1651498961496 0.8789032697677612 137
1651498965342 0.8755251169204712 138
1651498969135 0.8789846897125244 139
1651498972954 0.8775171637535095 140
1651498976804 0.8798282146453857 141
1651498980592 0.8783535957336426 142
1651498984430 0.8779839277267456 143
1651498988236 0.8783473372459412 144
1651498992069 0.8758795261383057 145
1651498995911 0.8826081156730652 146
1651498999761 0.8804712295532227 147
1651499003586 0.878902018070221 148
1651499007444 0.8804366588592529 149
1651499011237 0.8788284659385681 150
1651499015044 0.8824233412742615 151
1651499018871 0.8784798383712769 152
1651499022656 0.8785580396652222 153
1651499026510 0.8819192051887512 154
1651499030381 0.8825437426567078 155
1651499034229 0.8803756237030029 156
1651499038109 0.8835281729698181 157
1651499041952 0.88022381067276 158
1651499045826 0.8816383481025696 159
1651499049624 0.8804785013198853 160
1651499053424 0.8779636025428772 161
1651499057276 0.8820460438728333 162
1651499061105 0.8817940354347229 163
1651499064948 0.8821343183517456 164
1651499068788 0.8786808848381042 165
1651499072600 0.8798263072967529 166
1651499076442 0.8828381299972534 167
1651499080251 0.8821889758110046 168
1651499084069 0.8833590745925903 169
1651499087924 0.8817735314369202 170
1651499091698 0.8839741945266724 171
1651499095499 0.8803778886795044 172
1651499099329 0.8815550208091736 173
1651499103185 0.8817570805549622 174
1651499107012 0.8837411999702454 175
1651499110818 0.8804688453674316 176
1651499114581 0.8802689909934998 177
1651499118425 0.8828297853469849 178
1651499122212 0.8828771114349365 179
1651499126012 0.8814269304275513 180
1651499129782 0.878463089466095 181
1651499133559 0.8816074132919312 182
1651499137335 0.8805549740791321 183
1651499141108 0.8840938210487366 184
1651499144879 0.8823139071464539 185
1651499148719 0.881693422794342 186
1651499152544 0.882748007774353 187
1651499156378 0.8849596381187439 188
1651499160180 0.8803110718727112 189
1651499163995 0.8837795257568359 190
1651499167802 0.8839541673660278 191
1651499171612 0.8782534003257751 192
1651499175402 0.8852363228797913 193
1651499179146 0.8835160136222839 194
1651499182934 0.8817581534385681 195
1651499186719 0.884283185005188 196
1651499190496 0.8831706643104553 197
1651499194273 0.8840489387512207 198
1651499198046 0.8827869296073914 199
1651499201850 0.8822970390319824 200
1651499250943 0.8817735314369202 201
