1651498440073 0.9529117345809937 0
1651498443860 1.0 1
1651498447669 1.0 2
1651498451421 1.0 3
1651498455193 1.0 4
1651498459031 1.0 5
1651498462880 1.0 6
1651498466689 1.0 7
1651498470475 1.0 8
1651498474237 1.0 9
1651498478031 0.9994706511497498 10
1651498481855 0.9899309277534485 11
1651498485673 0.984492838382721 12
1651498489516 0.9782255291938782 13
1651498493360 0.9722700119018555 14
1651498497181 0.9674240350723267 15
1651498501076 0.964065670967102 16
1651498504867 0.9666290283203125 17
1651498508690 0.9554921388626099 18
1651498512522 0.9548472166061401 19
1651498516369 0.9609443545341492 20
1651498520186 0.9540569186210632 21
1651498524034 0.9584576487541199 22
1651498527818 0.951070249080658 23
1651498531623 0.953714907169342 24
1651498535440 0.9495773315429688 25
1651498539248 0.9378278255462646 26
1651498543092 0.9411121010780334 27
1651498546903 0.9432999491691589 28
1651498550734 0.9351121783256531 29
1651498554572 0.9412349462509155 30
1651498558388 0.9413087368011475 31
1651498562213 0.9360198974609375 32
1651498565997 0.9368584156036377 33
1651498569775 0.938593327999115 34
1651498573562 0.9374335408210754 35
1651498577376 0.9448614120483398 36
1651498581192 0.932292103767395 37
1651498585004 0.9368941187858582 38
1651498588770 0.9402887225151062 39
1651498592516 0.9285030364990234 40
1651498596268 0.9386727809906006 41
1651498600068 0.9320468902587891 42
1651498603889 0.9312444925308228 43
1651498607673 0.9325119256973267 44
1651498611466 0.9314834475517273 45
1651498615266 0.9315582513809204 46
1651498619069 0.9294569492340088 47
1651498622877 0.932069718837738 48
1651498626713 0.9279914498329163 49
1651498630461 0.9328025579452515 50
1651498634272 0.927414059638977 51
1651498638044 0.9327674508094788 52
1651498641860 0.9270399808883667 53
1651498645610 0.9303073287010193 54
1651498649428 0.9388954043388367 55
1651498653207 0.9280007481575012 56
1651498656957 0.9286528825759888 57
1651498660722 0.9272103905677795 58
1651498664545 0.9326770901679993 59
1651498668353 0.9294633865356445 60
1651498672115 0.9354429244995117 61
1651498675950 0.9289610385894775 62
1651498679695 0.927370548248291 63
1651498683441 0.9277395606040955 64
1651498687278 0.9251453876495361 65
1651498691068 0.9296855926513672 66
1651498694801 0.9281638860702515 67
1651498698551 0.9219461679458618 68
1651498702384 0.9329546093940735 69
1651498706190 0.9254972338676453 70
1651498709979 0.930854082107544 71
1651498713782 0.9286196231842041 72
1651498717624 0.9253330826759338 73
1651498721411 0.9312809705734253 74
1651498725197 0.9266788363456726 75
1651498728971 0.9245516657829285 76
1651498732797 0.930447518825531 77
1651498736642 0.925351083278656 78
1651498740500 0.9269536733627319 79
1651498744330 0.9312933087348938 80
1651498748185 0.9241531491279602 81
1651498751946 0.9280188679695129 82
1651498755813 0.9272912740707397 83
1651498759632 0.9270575642585754 84
1651498763414 0.9253877401351929 85
1651498767187 0.9270932078361511 86
1651498770989 0.9293022751808167 87
1651498774784 0.9293254613876343 88
1651498778562 0.9281132221221924 89
1651498782395 0.9249719381332397 90
1651498786215 0.9305126667022705 91
1651498789999 0.9184601902961731 92
1651498793835 0.9337170720100403 93
1651498797610 0.9240010976791382 94
1651498801422 0.927980363368988 95
1651498805281 0.9227102398872375 96
1651498809109 0.9312888383865356 97
1651498812888 0.9294805526733398 98
1651498816696 0.9279303550720215 99
1651498820496 0.9323222041130066 100
1651498824268 0.9312995672225952 101
1651498828089 0.9319440722465515 102
1651498831911 0.9316173791885376 103
1651498835740 0.9325169920921326 104
1651498839572 0.9326550960540771 105
1651498843406 0.9311164021492004 106
1651498847191 0.9358752965927124 107
1651498851005 0.9369667172431946 108
1651498854818 0.9308522343635559 109
1651498858631 0.9329098463058472 110
1651498862484 0.9366779327392578 111
1651498866314 0.9359559416770935 112
1651498870139 0.9338586330413818 113
1651498873909 0.9334020614624023 114
1651498877677 0.9347939491271973 115
1651498881440 0.9340820908546448 116
1651498885228 0.9309879541397095 117
1651498889058 0.9335073828697205 118
1651498892881 0.9331030249595642 119
1651498896740 0.9352874159812927 120
1651498900568 0.9322376847267151 121
1651498904369 0.9350184202194214 122
1651498908151 0.9337610602378845 123
1651498911978 0.9349153637886047 124
1651498915737 0.9332671761512756 125
1651498919567 0.9360049366950989 126
1651498923384 0.9354342818260193 127
1651498927175 0.9380704164505005 128
1651498931030 0.9362921118736267 129
1651498934806 0.9341402053833008 130
1651498938625 0.9329586029052734 131
1651498942445 0.9381345510482788 132
1651498946264 0.9376610517501831 133
1651498950057 0.9365103244781494 134
1651498953850 0.9363119006156921 135
1651498957624 0.9385191202163696 136
1651498961496 0.9372139573097229 137
1651498965342 0.9391398429870605 138
1651498969135 0.9363378882408142 139
1651498972954 0.939454197883606 140
1651498976804 0.9370556473731995 141
1651498980592 0.9357125759124756 142
1651498984430 0.9360402822494507 143
1651498988236 0.9363306760787964 144
1651498992069 0.9409830570220947 145
1651498995911 0.9346967935562134 146
1651498999761 0.9346703290939331 147
1651499003586 0.9382232427597046 148
1651499007444 0.9362104535102844 149
1651499011237 0.9360612034797668 150
1651499015044 0.9336650371551514 151
1651499018871 0.9393796324729919 152
1651499022656 0.936120331287384 153
1651499026510 0.9357357621192932 154
1651499030381 0.933796763420105 155
1651499034229 0.9378570318222046 156
1651499038109 0.934821605682373 157
1651499041952 0.9373409748077393 158
1651499045826 0.9366714358329773 159
1651499049624 0.9372036457061768 160
1651499053424 0.9384497404098511 161
1651499057276 0.936299204826355 162
1651499061105 0.9353015422821045 163
1651499064948 0.9382412433624268 164
1651499068788 0.9393430948257446 165
1651499072600 0.9360072016716003 166
1651499076442 0.9363885521888733 167
1651499080251 0.9370132684707642 168
1651499084069 0.9366448521614075 169
1651499087924 0.9359598159790039 170
1651499091698 0.9324175715446472 171
1651499095499 0.9410310387611389 172
1651499099329 0.9365397691726685 173
1651499103185 0.9382179975509644 174
1651499107012 0.9349316954612732 175
1651499110818 0.9372692108154297 176
1651499114581 0.9405569434165955 177
1651499118425 0.9372960329055786 178
1651499122212 0.9376658797264099 179
1651499126012 0.9382686614990234 180
1651499129782 0.9412375688552856 181
1651499133559 0.9386453628540039 182
1651499137335 0.9392930865287781 183
1651499141108 0.9359009265899658 184
1651499144879 0.9402397274971008 185
1651499148719 0.9396278858184814 186
1651499152544 0.9388433694839478 187
1651499156378 0.9353176951408386 188
1651499160180 0.9394378662109375 189
1651499163995 0.939810574054718 190
1651499167802 0.9363014101982117 191
1651499171612 0.9414432644844055 192
1651499175402 0.936994731426239 193
1651499179146 0.9387935996055603 194
1651499182934 0.9381153583526611 195
1651499186719 0.9393225312232971 196
1651499190496 0.9379806518554688 197
1651499194273 0.9371090531349182 198
1651499198046 0.938630223274231 199
1651499201850 0.9400521516799927 200
1651499250943 0.9359598159790039 201
