1651498440073 606558.0 0
1651498443860 0.0 1
1651498447669 0.0 2
1651498451421 0.0 3
1651498455193 0.0 4
1651498459031 0.0 5
1651498462880 0.0 6
1651498466689 0.0 7
1651498470475 0.0 8
1651498474237 0.0 9
1651498478031 5757.0 10
1651498481855 96324.0 11
1651498485673 137331.0 12
1651498489516 188915.0 13
1651498493360 224192.0 14
1651498497181 258619.0 15
1651498501076 277588.0 16
1651498504867 272710.0 17
1651498508690 326123.0 18
1651498512522 333315.0 19
1651498516369 311055.0 20
1651498520186 337447.0 21
1651498524034 323587.0 22
1651498527818 368978.0 23
1651498531623 354913.0 24
1651498535440 382114.0 25
1651498539248 443990.0 26
1651498543092 432351.0 27
1651498546903 422033.0 28
1651498550734 469558.0 29
1651498554572 438195.0 30
1651498558388 445295.0 31
1651498562213 470943.0 32
1651498565997 468941.0 33
1651498569775 464222.0 34
1651498573562 460019.0 35
1651498577376 428001.0 36
1651498581192 501929.0 37
1651498585004 481688.0 38
1651498588770 460509.0 39
1651498592516 519229.0 40
1651498596268 475630.0 41
1651498600068 512976.0 42
1651498603889 517069.0 43
1651498607673 514018.0 44
1651498611466 512127.0 45
1651498615266 521784.0 46
1651498619069 536152.0 47
1651498622877 511798.0 48
1651498626713 532191.0 49
1651498630461 513584.0 50
1651498634272 548367.0 51
1651498638044 520141.0 52
1651498641860 540369.0 53
1651498645610 535427.0 54
1651498649428 499264.0 55
1651498653207 559456.0 56
1651498656957 550860.0 57
1651498660722 559670.0 58
1651498664545 533284.0 59
1651498668353 560109.0 60
1651498672115 529474.0 61
1651498675950 558195.0 62
1651498679695 570275.0 63
1651498683441 552597.0 64
1651498687278 579549.0 65
1651498691068 564375.0 66
1651498694801 562459.0 67
1651498698551 588510.0 68
1651498702384 539806.0 69
1651498706190 574073.0 70
1651498709979 551136.0 71
1651498713782 550093.0 72
1651498717624 580693.0 73
1651498721411 573617.0 74
1651498725197 576945.0 75
1651498728971 577265.0 76
1651498732797 561374.0 77
1651498736642 588893.0 78
1651498740500 582266.0 79
1651498744330 559335.0 80
1651498748185 589309.0 81
1651498751946 579451.0 82
1651498755813 586872.0 83
1651498759632 577676.0 84
1651498763414 587473.0 85
1651498767187 594583.0 86
1651498770989 571510.0 87
1651498774784 576738.0 88
1651498778562 583012.0 89
1651498782395 596948.0 90
1651498786215 576499.0 91
1651498789999 621343.0 92
1651498793835 562776.0 93
1651498797610 606415.0 94
1651498801422 591644.0 95
1651498805281 617497.0 96
1651498809109 565445.0 97
1651498812888 583631.0 98
1651498816696 598158.0 99
1651498820496 586422.0 100
1651498824268 581373.0 101
1651498828089 576454.0 102
1651498831911 563902.0 103
1651498835740 572688.0 104
1651498839572 589715.0 105
1651498843406 585810.0 106
1651498847191 551750.0 107
1651498851005 557059.0 108
1651498854818 587757.0 109
1651498858631 596784.0 110
1651498862484 564403.0 111
1651498866314 567631.0 112
1651498870139 584744.0 113
1651498873909 575832.0 114
1651498877677 574622.0 115
1651498881440 579184.0 116
1651498885228 587428.0 117
1651498889058 583506.0 118
1651498892881 591156.0 119
1651498896740 560410.0 120
1651498900568 573029.0 121
1651498904369 571426.0 122
1651498908151 578440.0 123
1651498911978 571881.0 124
1651498915737 582945.0 125
1651498919567 577854.0 126
1651498923384 590220.0 127
1651498927175 576660.0 128
1651498931030 583780.0 129
1651498934806 580005.0 130
1651498938625 599489.0 131
1651498942445 574178.0 132
1651498946264 572959.0 133
1651498950057 575025.0 134
1651498953850 589302.0 135
1651498957624 570908.0 136
1651498961496 585121.0 137
1651498965342 563361.0 138
1651498969135 586209.0 139
1651498972954 575218.0 140
1651498976804 590787.0 141
1651498980592 582843.0 142
1651498984430 580393.0 143
1651498988236 582381.0 144
1651498992069 564218.0 145
1651498995911 608977.0 146
1651498999761 596250.0 147
1651499003586 584424.0 148
1651499007444 595006.0 149
1651499011237 585459.0 150
1651499015044 608559.0 151
1651499018871 581087.0 152
1651499022656 583793.0 153
1651499026510 604185.0 154
1651499030381 609188.0 155
1651499034229 593531.0 156
1651499038109 614364.0 157
1651499041952 592968.0 158
1651499045826 601886.0 159
1651499049624 594588.0 160
1651499053424 578610.0 161
1651499057276 604568.0 162
1651499061105 603727.0 163
1651499064948 603808.0 164
1651499068788 582325.0 165
1651499072600 591486.0 166
1651499076442 609232.0 167
1651499080251 604948.0 168
1651499084069 612166.0 169
1651499087924 603167.0 170
1651499091698 618576.0 171
1651499095499 591406.0 172
1651499099329 601476.0 173
1651499103185 601567.0 174
1651499107012 615557.0 175
1651499110818 594486.0 176
1651499114581 591070.0 177
1651499118425 608585.0 178
1651499122212 608624.0 179
1651499126012 599557.0 180
1651499129782 579711.0 181
1651499133559 600387.0 182
1651499137335 593641.0 183
1651499141108 617019.0 184
1651499144879 603560.0 185
1651499148719 600248.0 186
1651499152544 607078.0 187
1651499156378 622531.0 188
1651499160180 592078.0 189
1651499163995 612603.0 190
1651499167802 615929.0 191
1651499171612 578301.0 192
1651499175402 623091.0 193
1651499179146 611695.0 194
1651499182934 601642.0 195
1651499186719 615923.0 196
1651499190496 610168.0 197
1651499194273 615967.0 198
1651499198046 607451.0 199
1651499201850 603583.0 200
1651499250943 603167.0 201
