1651498440073 7297647.0 0
1651498443860 4958744.0 1
1651498447669 4958744.0 2
1651498451421 4958744.0 3
1651498455193 4958744.0 4
1651498459031 4958744.0 5
1651498462880 4958744.0 6
1651498466689 4958744.0 7
1651498470475 4958744.0 8
1651498474237 4958744.0 9
1651498478031 4956119.0 10
1651498481855 4908814.0 11
1651498485673 4881848.0 12
1651498489516 4850770.0 13
1651498493360 4821238.0 14
1651498497181 4797208.0 15
1651498501076 4780555.0 16
1651498504867 4793266.0 17
1651498508690 4738041.0 18
1651498512522 4734843.0 19
1651498516369 4765077.0 20
1651498520186 4730924.0 21
1651498524034 4752746.0 22
1651498527818 4716114.0 23
1651498531623 4729228.0 24
1651498535440 4708711.0 25
1651498539248 4650448.0 26
1651498543092 4666734.0 27
1651498546903 4677583.0 28
1651498550734 4636982.0 29
1651498554572 4667343.0 30
1651498558388 4667709.0 31
1651498562213 4641483.0 32
1651498565997 4645641.0 33
1651498569775 4654244.0 34
1651498573562 4648493.0 35
1651498577376 4685326.0 36
1651498581192 4622998.0 37
1651498585004 4645818.0 38
1651498588770 4662651.0 39
1651498592516 4604209.0 40
1651498596268 4654638.0 41
1651498600068 4621782.0 42
1651498603889 4617803.0 43
1651498607673 4624088.0 44
1651498611466 4618988.0 45
1651498615266 4619359.0 46
1651498619069 4608939.0 47
1651498622877 4621895.0 48
1651498626713 4601672.0 49
1651498630461 4625529.0 50
1651498634272 4598809.0 51
1651498638044 4625355.0 52
1651498641860 4596954.0 53
1651498645610 4613156.0 54
1651498649428 4655742.0 55
1651498653207 4601718.0 56
1651498656957 4604952.0 57
1651498660722 4597799.0 58
1651498664545 4624907.0 59
1651498668353 4608971.0 60
1651498672115 4638622.0 61
1651498675950 4606480.0 62
1651498679695 4598593.0 63
1651498683441 4600423.0 64
1651498687278 4587559.0 65
1651498691068 4610073.0 66
1651498694801 4602527.0 67
1651498698551 4571695.0 68
1651498702384 4626283.0 69
1651498706190 4589304.0 70
1651498709979 4615867.0 71
1651498713782 4604787.0 72
1651498717624 4588490.0 73
1651498721411 4617984.0 74
1651498725197 4595163.0 75
1651498728971 4584615.0 76
1651498732797 4613851.0 77
1651498736642 4588579.0 78
1651498740500 4596526.0 79
1651498744330 4618045.0 80
1651498748185 4582639.0 81
1651498751946 4601808.0 82
1651498755813 4598200.0 83
1651498759632 4597041.0 84
1651498763414 4588761.0 85
1651498767187 4597218.0 86
1651498770989 4608172.0 87
1651498774784 4608287.0 88
1651498778562 4602276.0 89
1651498782395 4586699.0 90
1651498786215 4614174.0 91
1651498789999 4554409.0 92
1651498793835 4630064.0 93
1651498797610 4581885.0 94
1651498801422 4601617.0 95
1651498805281 4575484.0 96
1651498809109 4618023.0 97
1651498812888 4609056.0 98
1651498816696 4601369.0 99
1651498820496 4623147.0 100
1651498824268 4618076.0 101
1651498828089 4621272.0 102
1651498831911 4619652.0 103
1651498835740 4624113.0 104
1651498839572 4624798.0 105
1651498843406 4617168.0 106
1651498847191 4640766.0 107
1651498851005 4646178.0 108
1651498854818 4615858.0 109
1651498858631 4626061.0 110
1651498862484 4644746.0 111
1651498866314 4641166.0 112
1651498870139 4630766.0 113
1651498873909 4628502.0 114
1651498877677 4635404.0 115
1651498881440 4631874.0 116
1651498885228 4616531.0 117
1651498889058 4629024.0 118
1651498892881 4627019.0 119
1651498896740 4637851.0 120
1651498900568 4622728.0 121
1651498904369 4636517.0 122
1651498908151 4630282.0 123
1651498911978 4636006.0 124
1651498915737 4627833.0 125
1651498919567 4641409.0 126
1651498923384 4638579.0 127
1651498927175 4651651.0 128
1651498931030 4642833.0 129
1651498934806 4632162.0 130
1651498938625 4626303.0 131
1651498942445 4651969.0 132
1651498946264 4649621.0 133
1651498950057 4643915.0 134
1651498953850 4642931.0 135
1651498957624 4653876.0 136
1651498961496 4647404.0 137
1651498965342 4656954.0 138
1651498969135 4643060.0 139
1651498972954 4658513.0 140
1651498976804 4646619.0 141
1651498980592 4639959.0 142
1651498984430 4641584.0 143
1651498988236 4643024.0 144
1651498992069 4666094.0 145
1651498995911 4634922.0 146
1651498999761 4634791.0 147
1651499003586 4652409.0 148
1651499007444 4642428.0 149
1651499011237 4641688.0 150
1651499015044 4629806.0 151
1651499018871 4658143.0 152
1651499022656 4641981.0 153
1651499026510 4640074.0 154
1651499030381 4630459.0 155
1651499034229 4650593.0 156
1651499038109 4635541.0 157
1651499041952 4648034.0 158
1651499045826 4644714.0 159
1651499049624 4647353.0 160
1651499053424 4653532.0 161
1651499057276 4642868.0 162
1651499061105 4637921.0 163
1651499064948 4652498.0 164
1651499068788 4657962.0 165
1651499072600 4641420.0 166
1651499076442 4643311.0 167
1651499080251 4646409.0 168
1651499084069 4644582.0 169
1651499087924 4641185.0 170
1651499091698 4623620.0 171
1651499095499 4666332.0 172
1651499099329 4644061.0 173
1651499103185 4652383.0 174
1651499107012 4636087.0 175
1651499110818 4647678.0 176
1651499114581 4663981.0 177
1651499118425 4647811.0 178
1651499122212 4649645.0 179
1651499126012 4652634.0 180
1651499129782 4667356.0 181
1651499133559 4654502.0 182
1651499137335 4657714.0 183
1651499141108 4640893.0 184
1651499144879 4662408.0 185
1651499148719 4659374.0 186
1651499152544 4655484.0 187
1651499156378 4638001.0 188
1651499160180 4658432.0 189
1651499163995 4660280.0 190
1651499167802 4642879.0 191
1651499171612 4668376.0 192
1651499175402 4646317.0 193
1651499179146 4655237.0 194
1651499182934 4651874.0 195
1651499186719 4657860.0 196
1651499190496 4651206.0 197
1651499194273 4646884.0 198
1651499198046 4654427.0 199
1651499201850 4661478.0 200
1651499250943 4641185.0 201
