1651505455600 0.828667163848877 0
1651505458331 0.8036780953407288 1
1651505461087 0.8037277460098267 2
1651505463821 0.8117756843566895 3
1651505466676 0.8507530093193054 4
1651505469416 0.877362072467804 5
1651505472284 0.8835979104042053 6
1651505475043 0.8860952258110046 7
1651505477788 0.8885532021522522 8
1651505480641 0.8951877951622009 9
1651505483468 0.9018864631652832 10
1651505486211 0.9072249531745911 11
1651505488932 0.91215580701828 12
1651505491789 0.9143946766853333 13
1651505494644 0.916778564453125 14
1651505497491 0.9194560050964355 15
1651505500327 0.9212613105773926 16
1651505503039 0.9220786094665527 17
1651505505873 0.9235538840293884 18
1651505508612 0.9241538047790527 19
1651505511363 0.9243540167808533 20
1651505514210 0.9252246618270874 21
1651505517056 0.924608051776886 22
1651505519784 0.9255878329277039 23
1651505522555 0.9239259362220764 24
1651505525415 0.9253847599029541 25
1651505528245 0.9272059202194214 26
1651505530979 0.9291326999664307 27
1651505533723 0.927558422088623 28
1651505536573 0.928026556968689 29
1651505539406 0.9278507828712463 30
1651505542131 0.9253810048103333 31
1651505544966 0.9278663396835327 32
1651505547807 0.9296624064445496 33
1651505550630 0.930205762386322 34
1651505553346 0.9304567575454712 35
1651505556088 0.9304563999176025 36
1651505558955 0.9307541251182556 37
1651505561802 0.9318005442619324 38
1651505564541 0.9317184090614319 39
1651505567302 0.9304871559143066 40
1651505570045 0.9306991696357727 41
1651505572884 0.9330158233642578 42
1651505575638 0.9327419996261597 43
1651505578707 0.9298998117446899 44
1651505581443 0.9320060610771179 45
1651505584154 0.9332371950149536 46
1651505586889 0.9340861439704895 47
1651505589725 0.9346508383750916 48
1651505592556 0.9339131116867065 49
1651505595279 0.9349160194396973 50
1651505598026 0.9342336058616638 51
1651505600771 0.9344956278800964 52
1651505603504 0.9347923398017883 53
1651505606235 0.9348578453063965 54
1651505608961 0.9331163763999939 55
1651505611781 0.9331966042518616 56
1651505614635 0.9343607425689697 57
1651505617452 0.9339385032653809 58
1651505620291 0.9338752627372742 59
1651505623121 0.9335454106330872 60
1651505625863 0.9355185627937317 61
1651505628611 0.9348098039627075 62
1651505631347 0.9344975352287292 63
1651505634187 0.9354115128517151 64
1651505636918 0.9366409778594971 65
1651505639762 0.9356715679168701 66
1651505642505 0.9362221956253052 67
1651505645592 0.936924159526825 68
1651505648347 0.9371877312660217 69
1651505651057 0.9365438222885132 70
1651505653790 0.9374770522117615 71
1651505656642 0.9366284012794495 72
1651505659403 0.937423825263977 73
1651505662256 0.9360423684120178 74
1651505664982 0.9375271797180176 75
1651505667813 0.9371680021286011 76
1651505670544 0.9373345971107483 77
1651505673382 0.9374129772186279 78
1651505676227 0.9371412992477417 79
1651505678951 0.9375655055046082 80
1651505681809 0.9383901953697205 81
1651505684527 0.9388195276260376 82
1651505687371 0.9365659952163696 83
1651505690099 0.9372315406799316 84
1651505692866 0.9383779168128967 85
1651505695597 0.9383015632629395 86
1651505698322 0.9381421208381653 87
1651505701145 0.9387888312339783 88
1651505703885 0.938431441783905 89
1651505706604 0.9385575652122498 90
1651505709337 0.9390773177146912 91
1651505712183 0.9390127658843994 92
1651505714931 0.9389219284057617 93
1651505717782 0.9389553666114807 94
1651505720630 0.9378499388694763 95
1651505723466 0.9382441639900208 96
1651505726312 0.9390947818756104 97
1651505729061 0.9386979341506958 98
1651505787813 0.936924159526825 99
