1651505455600 0.7558923363685608 0
1651505458331 0.7194706797599792 1
1651505461087 0.8177018165588379 2
1651505463821 0.8655515909194946 3
1651505466676 0.882266640663147 4
1651505469416 0.8916854858398438 5
1651505472284 0.8949331641197205 6
1651505475043 0.8999509811401367 7
1651505477788 0.9057828783988953 8
1651505480641 0.9119203090667725 9
1651505483468 0.922911524772644 10
1651505486211 0.9321997761726379 11
1651505488932 0.9373362064361572 12
1651505491789 0.9408720135688782 13
1651505494644 0.9429602026939392 14
1651505497491 0.9462842345237732 15
1651505500327 0.949488639831543 16
1651505503039 0.9511566162109375 17
1651505505873 0.953551709651947 18
1651505508612 0.9545205235481262 19
1651505511363 0.9546241760253906 20
1651505514210 0.955542802810669 21
1651505517056 0.9555140137672424 22
1651505519784 0.9554892182350159 23
1651505522555 0.9550448060035706 24
1651505525415 0.9572454690933228 25
1651505528245 0.9573000073432922 26
1651505530979 0.9607048630714417 27
1651505533723 0.9608367681503296 28
1651505536573 0.9602670669555664 29
1651505539406 0.9593835473060608 30
1651505542131 0.9561548233032227 31
1651505544966 0.9585164189338684 32
1651505547807 0.9611598253250122 33
1651505550630 0.9623156785964966 34
1651505553346 0.9624994397163391 35
1651505556088 0.9618191123008728 36
1651505558955 0.9634158611297607 37
1651505561802 0.9643930792808533 38
1651505564541 0.9649069905281067 39
1651505567302 0.9633699059486389 40
1651505570045 0.9644196629524231 41
1651505572884 0.9668576717376709 42
1651505575638 0.9633257389068604 43
1651505578707 0.9615618586540222 44
1651505581443 0.9631853103637695 45
1651505584154 0.9665286540985107 46
1651505586889 0.9667351245880127 47
1651505589725 0.9676969647407532 48
1651505592556 0.9676544070243835 49
1651505595279 0.9676154851913452 50
1651505598026 0.9682362675666809 51
1651505600771 0.9691476821899414 52
1651505603504 0.9681574106216431 53
1651505606235 0.9665532112121582 54
1651505608961 0.9637577533721924 55
1651505611781 0.9657451510429382 56
1651505614635 0.9665080904960632 57
1651505617452 0.9655277132987976 58
1651505620291 0.9656486511230469 59
1651505623121 0.9667686223983765 60
1651505625863 0.9689083695411682 61
1651505628611 0.9682386517524719 62
1651505631347 0.968765914440155 63
1651505634187 0.9695635437965393 64
1651505636918 0.9701617956161499 65
1651505639762 0.9699079394340515 66
1651505642505 0.9694711565971375 67
1651505645592 0.968718409538269 68
1651505648347 0.9691076278686523 69
1651505651057 0.9696905016899109 70
1651505653790 0.9710167050361633 71
1651505656642 0.9700550436973572 72
1651505659403 0.9716000556945801 73
1651505662256 0.970467746257782 74
1651505664982 0.970916748046875 75
1651505667813 0.9715025424957275 76
1651505670544 0.9725220203399658 77
1651505673382 0.9726948738098145 78
1651505676227 0.9723232388496399 79
1651505678951 0.971252977848053 80
1651505681809 0.9722414612770081 81
1651505684527 0.9713098406791687 82
1651505687371 0.9720497131347656 83
1651505690099 0.9720426201820374 84
1651505692866 0.9728894233703613 85
1651505695597 0.9746025800704956 86
1651505698322 0.9738543629646301 87
1651505701145 0.9726001024246216 88
1651505703885 0.9745635986328125 89
1651505706604 0.9738056063652039 90
1651505709337 0.9742928743362427 91
1651505712183 0.9741947650909424 92
1651505714931 0.973517119884491 93
1651505717782 0.9722495079040527 94
1651505720630 0.9735487699508667 95
1651505723466 0.9732276201248169 96
1651505726312 0.9739955067634583 97
1651505729061 0.9743632078170776 98
1651505787813 0.968718409538269 99
