1651505455600 446778.0 0
1651505458331 364.0 1
1651505461087 29.0 2
1651505463821 7600.0 3
1651505466676 75684.0 4
1651505469416 181729.0 5
1651505472284 198629.0 6
1651505475043 250875.0 7
1651505477788 264578.0 8
1651505480641 186944.0 9
1651505483468 186458.0 10
1651505486211 202846.0 11
1651505488932 180734.0 12
1651505491789 200069.0 13
1651505494644 183549.0 14
1651505497491 188674.0 15
1651505500327 190249.0 16
1651505503039 222484.0 17
1651505505873 203662.0 18
1651505508612 214859.0 19
1651505511363 213327.0 20
1651505514210 202568.0 21
1651505517056 226186.0 22
1651505519784 206748.0 23
1651505522555 235852.0 24
1651505525415 210375.0 25
1651505528245 206425.0 26
1651505530979 209032.0 27
1651505533723 220005.0 28
1651505536573 234130.0 29
1651505539406 204887.0 30
1651505542131 219282.0 31
1651505544966 204176.0 32
1651505547807 208631.0 33
1651505550630 206399.0 34
1651505553346 220830.0 35
1651505556088 205698.0 36
1651505558955 209627.0 37
1651505561802 199281.0 38
1651505564541 212708.0 39
1651505567302 213828.0 40
1651505570045 209332.0 41
1651505572884 216051.0 42
1651505575638 214641.0 43
1651505578707 191239.0 44
1651505581443 198736.0 45
1651505584154 199717.0 46
1651505586889 200212.0 47
1651505589725 207688.0 48
1651505592556 211413.0 49
1651505595279 187846.0 50
1651505598026 201938.0 51
1651505600771 189602.0 52
1651505603504 198716.0 53
1651505606235 189129.0 54
1651505608961 187846.0 55
1651505611781 195525.0 56
1651505614635 190957.0 57
1651505617452 186948.0 58
1651505620291 193832.0 59
1651505623121 209552.0 60
1651505625863 178354.0 61
1651505628611 204860.0 62
1651505631347 184846.0 63
1651505634187 199348.0 64
1651505636918 180225.0 65
1651505639762 196993.0 66
1651505642505 190049.0 67
1651505645592 185887.0 68
1651505648347 182866.0 69
1651505651057 188557.0 70
1651505653790 169324.0 71
1651505656642 195555.0 72
1651505659403 173515.0 73
1651505662256 200999.0 74
1651505664982 168731.0 75
1651505667813 189461.0 76
1651505670544 175531.0 77
1651505673382 183296.0 78
1651505676227 178322.0 79
1651505678951 181872.0 80
1651505681809 181607.0 81
1651505684527 170302.0 82
1651505687371 194155.0 83
1651505690099 162696.0 84
1651505692866 182023.0 85
1651505695597 178731.0 86
1651505698322 178806.0 87
1651505701145 182483.0 88
1651505703885 174895.0 89
1651505706604 173658.0 90
1651505709337 175737.0 91
1651505712183 168963.0 92
1651505714931 167739.0 93
1651505717782 170104.0 94
1651505720630 175827.0 95
1651505723466 170200.0 96
1651505726312 174769.0 97
1651505729061 173312.0 98
1651505787813 185887.0 99
