1651505455600 1182578.0 0
1651505458331 1213678.0 1
1651505461087 1213706.0 2
1651505463821 1156367.0 3
1651505466676 847250.0 4
1651505469416 576656.0 5
1651505472284 521194.0 6
1651505475043 453505.0 7
1651505477788 424602.0 8
1651505480641 461208.0 9
1651505483468 420270.0 10
1651505486211 370869.0 11
1651505488932 362489.0 12
1651505491789 329309.0 13
1651505494644 331087.0 14
1651505497491 309405.0 15
1651505500327 296666.0 16
1651505503039 259377.0 17
1651505505873 269076.0 18
1651505508612 254169.0 19
1651505511363 254463.0 20
1651505514210 259838.0 21
1651505517056 240033.0 22
1651505519784 253412.0 23
1651505522555 234585.0 24
1651505525415 251041.0 25
1651505528245 243729.0 26
1651505530979 229207.0 27
1651505533723 227969.0 28
1651505536573 210949.0 29
1651505539406 241279.0 30
1651505542131 242157.0 31
1651505544966 241894.0 32
1651505547807 226332.0 33
1651505550630 225204.0 34
1651505553346 209221.0 35
1651505556088 224355.0 36
1651505558955 218585.0 37
1651505561802 222460.0 38
1651505564541 209541.0 39
1651505567302 216035.0 40
1651505570045 219220.0 41
1651505572884 198175.0 42
1651505575638 201278.0 43
1651505578707 242256.0 44
1651505581443 221734.0 45
1651505584154 213140.0 46
1651505586889 207395.0 47
1651505589725 196427.0 48
1651505592556 197264.0 49
1651505595279 214629.0 50
1651505598026 204757.0 51
1651505600771 215473.0 52
1651505603504 204524.0 53
1651505606235 213706.0 54
1651505608961 225758.0 55
1651505611781 217583.0 56
1651505614635 214952.0 57
1651505617452 221572.0 58
1651505620291 215079.0 59
1651505623121 201399.0 60
1651505625863 220395.0 61
1651505628611 198272.0 62
1651505631347 220217.0 63
1651505634187 200063.0 64
1651505636918 211583.0 65
1651505639762 200810.0 66
1651505642505 204349.0 67
1651505645592 204170.0 68
1651505648347 205561.0 69
1651505651057 203852.0 70
1651505653790 217314.0 71
1651505656642 196331.0 72
1651505659403 213452.0 73
1651505662256 194511.0 74
1651505664982 217597.0 75
1651505667813 199088.0 76
1651505670544 211988.0 77
1651505673382 203738.0 78
1651505676227 210392.0 79
1651505678951 204219.0 80
1651505681809 199384.0 81
1651505684527 208034.0 82
1651505687371 198117.0 83
1651505690099 225460.0 84
1651505692866 199044.0 85
1651505695597 202808.0 86
1651505698322 203719.0 87
1651505701145 196043.0 88
1651505703885 205841.0 89
1651505706604 206298.0 90
1651505709337 201005.0 91
1651505712183 208178.0 92
1651505714931 209964.0 93
1651505717782 207392.0 94
1651505720630 208505.0 95
1651505723466 211694.0 96
1651505726312 201865.0 97
1651505729061 205776.0 98
1651505787813 204170.0 99
