1651505455600 0.6233570575714111 0
1651505458331 0.47255727648735046 1
1651505461087 0.3984091281890869 2
1651505463821 0.35782772302627563 3
1651505466676 0.3437703251838684 4
1651505469416 0.32803845405578613 5
1651505472284 0.31563204526901245 6
1651505475043 0.30131933093070984 7
1651505477788 0.287592351436615 8
1651505480641 0.27531155943870544 9
1651505483468 0.26154589653015137 10
1651505486211 0.24966683983802795 11
1651505488932 0.2401210218667984 12
1651505491789 0.23460371792316437 13
1651505494644 0.2293550819158554 14
1651505497491 0.22282089293003082 15
1651505500327 0.2155693769454956 16
1651505503039 0.2124468982219696 17
1651505505873 0.20726947486400604 18
1651505508612 0.20489923655986786 19
1651505511363 0.20469358563423157 20
1651505514210 0.20255954563617706 21
1651505517056 0.2031794935464859 22
1651505519784 0.2016175091266632 23
1651505522555 0.2051682323217392 24
1651505525415 0.1997126340866089 25
1651505528245 0.19815129041671753 26
1651505530979 0.19116023182868958 27
1651505533723 0.19156523048877716 28
1651505536573 0.192277193069458 29
1651505539406 0.19402901828289032 30
1651505542131 0.2007846236228943 31
1651505544966 0.19537287950515747 32
1651505547807 0.18960270285606384 33
1651505550630 0.18704402446746826 34
1651505553346 0.18629363179206848 35
1651505556088 0.18699300289154053 36
1651505558955 0.18430036306381226 37
1651505561802 0.18287667632102966 38
1651505564541 0.18109910190105438 39
1651505567302 0.18450714647769928 40
1651505570045 0.18272259831428528 41
1651505572884 0.17701409757137299 42
1651505575638 0.18354596197605133 43
1651505578707 0.18852783739566803 44
1651505581443 0.18354466557502747 45
1651505584154 0.17725726962089539 46
1651505586889 0.17612528800964355 47
1651505589725 0.17391939461231232 48
1651505592556 0.17464767396450043 49
1651505595279 0.17405667901039124 50
1651505598026 0.1729099452495575 51
1651505600771 0.17134077847003937 52
1651505603504 0.1726260632276535 53
1651505606235 0.17505744099617004 54
1651505608961 0.18061518669128418 55
1651505611781 0.17777001857757568 56
1651505614635 0.17594584822654724 57
1651505617452 0.17746075987815857 58
1651505620291 0.1776464432477951 59
1651505623121 0.17583061754703522 60
1651505625863 0.17035861313343048 61
1651505628611 0.17106842994689941 62
1651505631347 0.17185798287391663 63
1651505634187 0.16935324668884277 64
1651505636918 0.1676713228225708 65
1651505639762 0.16816316545009613 66
1651505642505 0.16838236153125763 67
1651505645592 0.16895686089992523 68
1651505648347 0.1686074286699295 69
1651505651057 0.16868630051612854 70
1651505653790 0.16526037454605103 71
1651505656642 0.16683292388916016 72
1651505659403 0.16455428302288055 73
1651505662256 0.16690856218338013 74
1651505664982 0.16625989973545074 75
1651505667813 0.16412870585918427 76
1651505670544 0.16218788921833038 77
1651505673382 0.16199518740177155 78
1651505676227 0.16213549673557281 79
1651505678951 0.16400575637817383 80
1651505681809 0.1615898162126541 81
1651505684527 0.16325348615646362 82
1651505687371 0.16311199963092804 83
1651505690099 0.162874236702919 84
1651505692866 0.16012057662010193 85
1651505695597 0.156406432390213 86
1651505698322 0.158556267619133 87
1651505701145 0.16079452633857727 88
1651505703885 0.15672950446605682 89
1651505706604 0.15813276171684265 90
1651505709337 0.15765850245952606 91
1651505712183 0.15730157494544983 92
1651505714931 0.1588761955499649 93
1651505717782 0.16086730360984802 94
1651505720630 0.1592017263174057 95
1651505723466 0.1605876088142395 96
1651505726312 0.1570744514465332 97
1651505729061 0.1570361852645874 98
1651505787813 0.16895686089992523 99
