1651505455600 0.859052300453186 0
1651505458331 0.8037083745002747 1
1651505461087 0.8037153482437134 2
1651505463821 0.8110044598579407 3
1651505466676 0.8524285554885864 4
1651505469416 0.8925081491470337 5
1651505472284 0.9015181660652161 6
1651505475043 0.9123213291168213 7
1651505477788 0.9172274470329285 8
1651505480641 0.9120500683784485 9
1651505483468 0.9192337393760681 10
1651505486211 0.9278148412704468 11
1651505488932 0.9296339750289917 12
1651505491789 0.9354164600372314 13
1651505494644 0.9352999329566956 14
1651505497491 0.9392185807228088 15
1651505500327 0.9415567517280579 16
1651505503039 0.9481931328773499 17
1651505505873 0.9465603232383728 18
1651505508612 0.9492578506469727 19
1651505511363 0.949217677116394 20
1651505514210 0.948311448097229 21
1651505517056 0.9518350958824158 22
1651505519784 0.9494831562042236 23
1651505522555 0.9527851343154907 24
1651505525415 0.9498958587646484 25
1651505528245 0.951322615146637 26
1651505530979 0.9540657997131348 27
1651505533723 0.9542018175125122 28
1651505536573 0.9573542475700378 29
1651505539406 0.9518031477928162 30
1651505542131 0.9514967799186707 31
1651505544966 0.951693058013916 32
1651505547807 0.9546194672584534 33
1651505550630 0.9548556208610535 34
1651505553346 0.9578022956848145 35
1651505556088 0.9550244808197021 36
1651505558955 0.9560957551002502 37
1651505561802 0.9554447531700134 38
1651505564541 0.957809567451477 39
1651505567302 0.9565490484237671 40
1651505570045 0.9559764862060547 41
1651505572884 0.9599795341491699 42
1651505575638 0.9593899250030518 43
1651505578707 0.9517489075660706 44
1651505581443 0.9555885195732117 45
1651505584154 0.9572278261184692 46
1651505586889 0.9583284854888916 47
1651505589725 0.9603855013847351 48
1651505592556 0.9601935148239136 49
1651505595279 0.9570441842079163 50
1651505598026 0.9588224291801453 51
1651505600771 0.9568673968315125 52
1651505603504 0.9588940143585205 53
1651505606235 0.9572100043296814 54
1651505608961 0.9549172520637512 55
1651505611781 0.9564117193222046 56
1651505614635 0.9569554924964905 57
1651505617452 0.9557240605354309 58
1651505620291 0.9569063782691956 59
1651505623121 0.9594082236289978 60
1651505625863 0.9560244679450989 61
1651505628611 0.9600510597229004 62
1651505631347 0.9560014009475708 63
1651505634187 0.9597494006156921 64
1651505636918 0.9576925039291382 65
1651505639762 0.9596242904663086 66
1651505642505 0.9589991569519043 67
1651505645592 0.9590678215026855 68
1651505648347 0.9588253498077393 69
1651505651057 0.9591070413589478 70
1651505653790 0.9566906094551086 71
1651505656642 0.9605007171630859 72
1651505659403 0.9573919177055359 73
1651505662256 0.960809588432312 74
1651505664982 0.9566417932510376 75
1651505667813 0.9600172638893127 76
1651505670544 0.9576547145843506 77
1651505673382 0.9591720700263977 78
1651505676227 0.9579366445541382 79
1651505678951 0.959091305732727 80
1651505681809 0.9600232243537903 81
1651505684527 0.9584551453590393 82
1651505687371 0.9601669311523438 83
1651505690099 0.9551990628242493 84
1651505692866 0.960085391998291 85
1651505695597 0.959388017654419 86
1651505698322 0.9592124223709106 87
1651505701145 0.9606598615646362 88
1651505703885 0.9588372707366943 89
1651505706604 0.9587598443031311 90
1651505709337 0.9597586989402771 91
1651505712183 0.9584386944770813 92
1651505714931 0.9581072926521301 93
1651505717782 0.9585796594619751 94
1651505720630 0.9583190083503723 95
1651505723466 0.957755982875824 96
1651505726312 0.9596012830734253 97
1651505729061 0.9588627815246582 98
1651505787813 0.9590678215026855 99
