1651505455600 0.9416311383247375 0
1651505458331 0.999926745891571 1
1651505461087 0.999994158744812 2
1651505463821 0.9984707236289978 3
1651505466676 0.9847709536552429 4
1651505469416 0.9634327292442322 5
1651505472284 0.9600321650505066 6
1651505475043 0.9495192766189575 7
1651505477788 0.9467620253562927 8
1651505480641 0.9623833894729614 9
1651505483468 0.9624812006950378 10
1651505486211 0.9591836333274841 11
1651505488932 0.9636329412460327 12
1651505491789 0.9597424268722534 13
1651505494644 0.9630665183067322 14
1651505497491 0.9620352983474731 15
1651505500327 0.9617183804512024 16
1651505503039 0.9552320837974548 17
1651505505873 0.9590194225311279 18
1651505508612 0.9567663669586182 19
1651505511363 0.9570746421813965 20
1651505514210 0.9592395424842834 21
1651505517056 0.9544872045516968 22
1651505519784 0.9583984613418579 23
1651505522555 0.9525421857833862 24
1651505525415 0.957668662071228 25
1651505528245 0.9584634900093079 26
1651505530979 0.9579389095306396 27
1651505533723 0.9557309150695801 28
1651505536573 0.9528887271881104 29
1651505539406 0.9587729573249817 30
1651505542131 0.9558764100074768 31
1651505544966 0.9589160084724426 32
1651505547807 0.9580195546150208 33
1651505550630 0.9584686756134033 34
1651505553346 0.9555649161338806 35
1651505556088 0.9586097598075867 36
1651505558955 0.9578191637992859 37
1651505561802 0.959900975227356 38
1651505564541 0.957199215888977 39
1651505567302 0.9569738507270813 40
1651505570045 0.9578785300254822 41
1651505572884 0.956526517868042 42
1651505575638 0.9568102359771729 43
1651505578707 0.961519181728363 44
1651505581443 0.9600106477737427 45
1651505584154 0.9598132371902466 46
1651505586889 0.9597136378288269 47
1651505589725 0.9582093358039856 48
1651505592556 0.9574598073959351 49
1651505595279 0.9622018933296204 50
1651505598026 0.9593663215637207 51
1651505600771 0.9618485569953918 52
1651505603504 0.9600146412849426 53
1651505606235 0.9619437456130981 54
1651505608961 0.9622018933296204 55
1651505611781 0.9606567621231079 56
1651505614635 0.9615759253501892 57
1651505617452 0.9623826146125793 58
1651505620291 0.9609974026679993 59
1651505623121 0.9578342437744141 60
1651505625863 0.964111864566803 61
1651505628611 0.9587783813476562 62
1651505631347 0.9628055691719055 63
1651505634187 0.9598875045776367 64
1651505636918 0.9637354016304016 65
1651505639762 0.9603613615036011 66
1651505642505 0.9617586135864258 67
1651505645592 0.9625961184501648 68
1651505648347 0.9632039666175842 69
1651505651057 0.9620588421821594 70
1651505653790 0.965928852558136 71
1651505656642 0.9606506824493408 72
1651505659403 0.9650855660438538 73
1651505662256 0.9595552682876587 74
1651505664982 0.9660481810569763 75
1651505667813 0.9618769288063049 76
1651505670544 0.9646798968315125 77
1651505673382 0.9631174206733704 78
1651505676227 0.9641183018684387 79
1651505678951 0.9634039998054504 80
1651505681809 0.9634572863578796 81
1651505684527 0.9657320976257324 82
1651505687371 0.9609324336051941 83
1651505690099 0.9672625660896301 84
1651505692866 0.963373601436615 85
1651505695597 0.9640359878540039 86
1651505698322 0.9640209078788757 87
1651505701145 0.9632810354232788 88
1651505703885 0.9648078680038452 89
1651505706604 0.9650567770004272 90
1651505709337 0.9646384716033936 91
1651505712183 0.9660015106201172 92
1651505714931 0.9662477970123291 93
1651505717782 0.9657719135284424 94
1651505720630 0.9646203517913818 95
1651505723466 0.9657526016235352 96
1651505726312 0.9648332595825195 97
1651505729061 0.9651263952255249 98
1651505787813 0.9625961184501648 99
