1651505455600 672920.0 0
1651505458331 537.0 1
1651505461087 509.0 2
1651505463821 57848.0 3
1651505466676 366965.0 4
1651505469416 637559.0 5
1651505472284 693021.0 6
1651505475043 760710.0 7
1651505477788 789613.0 8
1651505480641 753007.0 9
1651505483468 793945.0 10
1651505486211 843346.0 11
1651505488932 851726.0 12
1651505491789 884906.0 13
1651505494644 883128.0 14
1651505497491 904810.0 15
1651505500327 917549.0 16
1651505503039 954838.0 17
1651505505873 945139.0 18
1651505508612 960046.0 19
1651505511363 959752.0 20
1651505514210 954377.0 21
1651505517056 974182.0 22
1651505519784 960803.0 23
1651505522555 979630.0 24
1651505525415 963174.0 25
1651505528245 970486.0 26
1651505530979 985008.0 27
1651505533723 986246.0 28
1651505536573 1003266.0 29
1651505539406 972936.0 30
1651505542131 972058.0 31
1651505544966 972321.0 32
1651505547807 987883.0 33
1651505550630 989011.0 34
1651505553346 1004994.0 35
1651505556088 989860.0 36
1651505558955 995630.0 37
1651505561802 991755.0 38
1651505564541 1004674.0 39
1651505567302 998180.0 40
1651505570045 994995.0 41
1651505572884 1016040.0 42
1651505575638 1012937.0 43
1651505578707 971959.0 44
1651505581443 992481.0 45
1651505584154 1001075.0 46
1651505586889 1006820.0 47
1651505589725 1017788.0 48
1651505592556 1016951.0 49
1651505595279 999586.0 50
1651505598026 1009458.0 51
1651505600771 998742.0 52
1651505603504 1009691.0 53
1651505606235 1000509.0 54
1651505608961 988457.0 55
1651505611781 996632.0 56
1651505614635 999263.0 57
1651505617452 992643.0 58
1651505620291 999136.0 59
1651505623121 1012816.0 60
1651505625863 993820.0 61
1651505628611 1015943.0 62
1651505631347 993998.0 63
1651505634187 1014152.0 64
1651505636918 1002632.0 65
1651505639762 1013405.0 66
1651505642505 1009866.0 67
1651505645592 1010045.0 68
1651505648347 1008654.0 69
1651505651057 1010363.0 70
1651505653790 996901.0 71
1651505656642 1017884.0 72
1651505659403 1000763.0 73
1651505662256 1019704.0 74
1651505664982 996618.0 75
1651505667813 1015127.0 76
1651505670544 1002227.0 77
1651505673382 1010477.0 78
1651505676227 1003823.0 79
1651505678951 1009996.0 80
1651505681809 1014831.0 81
1651505684527 1006181.0 82
1651505687371 1016098.0 83
1651505690099 988755.0 84
1651505692866 1015171.0 85
1651505695597 1011407.0 86
1651505698322 1010496.0 87
1651505701145 1018172.0 88
1651505703885 1008374.0 89
1651505706604 1007917.0 90
1651505709337 1013210.0 91
1651505712183 1006037.0 92
1651505714931 1004251.0 93
1651505717782 1006823.0 94
1651505720630 1005710.0 95
1651505723466 1002521.0 96
1651505726312 1012350.0 97
1651505729061 1008439.0 98
1651505787813 1010045.0 99
