1651505455600 7207612.0 0
1651505458331 4969357.0 1
1651505461087 4969692.0 2
1651505463821 4962121.0 3
1651505466676 4894037.0 4
1651505469416 4787992.0 5
1651505472284 4771092.0 6
1651505475043 4718846.0 7
1651505477788 4705143.0 8
1651505480641 4782777.0 9
1651505483468 4783263.0 10
1651505486211 4766875.0 11
1651505488932 4788987.0 12
1651505491789 4769652.0 13
1651505494644 4786172.0 14
1651505497491 4781047.0 15
1651505500327 4779472.0 16
1651505503039 4747237.0 17
1651505505873 4766059.0 18
1651505508612 4754862.0 19
1651505511363 4756394.0 20
1651505514210 4767153.0 21
1651505517056 4743535.0 22
1651505519784 4762973.0 23
1651505522555 4733869.0 24
1651505525415 4759346.0 25
1651505528245 4763296.0 26
1651505530979 4760689.0 27
1651505533723 4749716.0 28
1651505536573 4735591.0 29
1651505539406 4764834.0 30
1651505542131 4750439.0 31
1651505544966 4765545.0 32
1651505547807 4761090.0 33
1651505550630 4763322.0 34
1651505553346 4748891.0 35
1651505556088 4764023.0 36
1651505558955 4760094.0 37
1651505561802 4770440.0 38
1651505564541 4757013.0 39
1651505567302 4755893.0 40
1651505570045 4760389.0 41
1651505572884 4753670.0 42
1651505575638 4755080.0 43
1651505578707 4778482.0 44
1651505581443 4770985.0 45
1651505584154 4770004.0 46
1651505586889 4769509.0 47
1651505589725 4762033.0 48
1651505592556 4758308.0 49
1651505595279 4781875.0 50
1651505598026 4767783.0 51
1651505600771 4780119.0 52
1651505603504 4771005.0 53
1651505606235 4780592.0 54
1651505608961 4781875.0 55
1651505611781 4774196.0 56
1651505614635 4778764.0 57
1651505617452 4782773.0 58
1651505620291 4775889.0 59
1651505623121 4760169.0 60
1651505625863 4791367.0 61
1651505628611 4764861.0 62
1651505631347 4784875.0 63
1651505634187 4770373.0 64
1651505636918 4789496.0 65
1651505639762 4772728.0 66
1651505642505 4779672.0 67
1651505645592 4783834.0 68
1651505648347 4786855.0 69
1651505651057 4781164.0 70
1651505653790 4800397.0 71
1651505656642 4774166.0 72
1651505659403 4796206.0 73
1651505662256 4768722.0 74
1651505664982 4800990.0 75
1651505667813 4780260.0 76
1651505670544 4794190.0 77
1651505673382 4786425.0 78
1651505676227 4791399.0 79
1651505678951 4787849.0 80
1651505681809 4788114.0 81
1651505684527 4799419.0 82
1651505687371 4775566.0 83
1651505690099 4807025.0 84
1651505692866 4787698.0 85
1651505695597 4790990.0 86
1651505698322 4790915.0 87
1651505701145 4787238.0 88
1651505703885 4794826.0 89
1651505706604 4796063.0 90
1651505709337 4793984.0 91
1651505712183 4800758.0 92
1651505714931 4801982.0 93
1651505717782 4799617.0 94
1651505720630 4793894.0 95
1651505723466 4799521.0 96
1651505726312 4794952.0 97
1651505729061 4796409.0 98
1651505787813 4783834.0 99
