1651445068360 0.8398680686950684 0
1651445076678 0.9050109386444092 1
1651445085030 0.9132431149482727 2
1651445093456 0.9169273376464844 3
1651445101873 0.9196255803108215 4
1651445110215 0.9206228852272034 5
1651445118472 0.9216238260269165 6
1651445126965 0.9223053455352783 7
1651445135377 0.922011137008667 8
1651445143814 0.9229252338409424 9
1651445152072 0.9232783913612366 10
1651445160471 0.9239403605461121 11
1651445168750 0.9238200783729553 12
1651445177012 0.9241700768470764 13
1651445185324 0.9242172241210938 14
1651445193625 0.9248594641685486 15
1651445202093 0.9246910810470581 16
1651445210384 0.9252621531486511 17
1651445218691 0.9252669811248779 18
1651445226951 0.925203263759613 19
1651445235263 0.9258278608322144 20
1651445243538 0.9256576299667358 21
1651445251840 0.925284206867218 22
1651445260024 0.9258291721343994 23
1651445268469 0.9263520240783691 24
1651445276803 0.9262217879295349 25
1651445285229 0.9262776374816895 26
1651445293638 0.9264817833900452 27
1651445302148 0.9267390370368958 28
1651445310482 0.9268711805343628 29
1651445318826 0.9270186424255371 30
1651445327437 0.9267598390579224 31
1651445335737 0.9271407127380371 32
1651445343985 0.9270749092102051 33
1651445352249 0.9273498058319092 34
1651445360647 0.9273516535758972 35
1651445369159 0.9274274110794067 36
1651445377407 0.9277046918869019 37
1651445385640 0.928004264831543 38
1651445393929 0.9277654886245728 39
1651445402163 0.927760124206543 40
1651445410527 0.9278005361557007 41
1651445418762 0.9284496307373047 42
1651445427011 0.9279747605323792 43
1651445435402 0.9279590249061584 44
1651445443642 0.9282452464103699 45
1651445452050 0.9281945824623108 46
1651445460351 0.9284967184066772 47
1651445468632 0.9286732077598572 48
1651445477000 0.9286076426506042 49
1651445485261 0.9287604093551636 50
1651445493651 0.928560197353363 51
1651445501904 0.9287197589874268 52
1651445510158 0.9286401867866516 53
1651445518524 0.9289723634719849 54
1651445526890 0.9289854168891907 55
1651445535151 0.9288762807846069 56
1651445543479 0.9288027882575989 57
1651445551679 0.9289847612380981 58
1651445559914 0.928871214389801 59
1651445568176 0.9289225339889526 60
1651445576413 0.9284942150115967 61
1651445584653 0.9296255111694336 62
1651445592927 0.9292042255401611 63
1651445601190 0.9290895462036133 64
1651445609439 0.9290772080421448 65
1651445617742 0.929009199142456 66
1651445626149 0.9291755557060242 67
1651445634415 0.9292163848876953 68
1651445642675 0.9294683337211609 69
1651445650919 0.9291276931762695 70
1651445659227 0.9293717741966248 71
1651445667518 0.9291634559631348 72
1651445675926 0.9293728470802307 73
1651445684178 0.9298132061958313 74
1651445692416 0.9291650652885437 75
1651445700631 0.9289783835411072 76
1651445708921 0.9294708967208862 77
1651445717170 0.9293707609176636 78
1651445725388 0.9297330975532532 79
1651445733647 0.9296929836273193 80
1651445741843 0.9297565817832947 81
1651445750092 0.9294411540031433 82
1651445758364 0.9296444058418274 83
1651445766659 0.9293370246887207 84
1651445774920 0.9298004508018494 85
1651445783147 0.9297326803207397 86
1651445791397 0.9298561215400696 87
1651445799629 0.9298933744430542 88
1651445807847 0.9297078847885132 89
1651445816104 0.9297878742218018 90
1651445824348 0.9299269318580627 91
1651445832556 0.9299957156181335 92
1651445840820 0.9296476244926453 93
1651445849093 0.9296992421150208 94
1651445857388 0.9299455881118774 95
1651445865674 0.9300140142440796 96
1651445873902 0.9300533533096313 97
1651445882165 0.9302341341972351 98
1651445890462 0.929906964302063 99
1651445898753 0.9300472140312195 100
1651445907232 0.9297825694084167 101
1651445915508 0.9300349354743958 102
1651445923738 0.9297010898590088 103
1651445932031 0.9302414655685425 104
1651445940299 0.9302781224250793 105
1651445948538 0.9303478002548218 106
1651445956768 0.9300354719161987 107
1651445965036 0.9303039312362671 108
1651445973317 0.9303219318389893 109
1651445981598 0.9301647543907166 110
1651445989878 0.9298884272575378 111
1651445998156 0.930388331413269 112
1651446006412 0.9303767681121826 113
1651446014650 0.9299322366714478 114
1651446022888 0.9301878213882446 115
1651446031169 0.930059552192688 116
1651446039450 0.9305074214935303 117
1651446047657 0.9301603436470032 118
1651446055927 0.9303075671195984 119
1651446064186 0.9302121996879578 120
1651446072446 0.9305754899978638 121
1651446080749 0.9304872751235962 122
1651446089003 0.9300294518470764 123
1651446097182 0.930450439453125 124
1651446105437 0.9303764700889587 125
1651446113677 0.9303844571113586 126
1651446121869 0.9304436445236206 127
1651446130071 0.9303205013275146 128
1651446138303 0.9303340911865234 129
1651446146508 0.930386483669281 130
1651446154780 0.9304076433181763 131
1651446166313 0.9297825694084167 132
