1651445068360 0.8692284822463989 0
1651445076678 0.9207863211631775 1
1651445085030 0.9305702447891235 2
1651445093456 0.9398912787437439 3
1651445101873 0.9436457753181458 4
1651445110215 0.9458669424057007 5
1651445118472 0.9474238753318787 6
1651445126965 0.9481610059738159 7
1651445135377 0.9483715891838074 8
1651445143814 0.949889063835144 9
1651445152072 0.9505017995834351 10
1651445160471 0.9513447284698486 11
1651445168750 0.9517350792884827 12
1651445177012 0.9518703818321228 13
1651445185324 0.952007532119751 14
1651445193625 0.9524434208869934 15
1651445202093 0.953105092048645 16
1651445210384 0.9531289339065552 17
1651445218691 0.9538039565086365 18
1651445226951 0.9538949728012085 19
1651445235263 0.9543951749801636 20
1651445243538 0.9541683793067932 21
1651445251840 0.954115092754364 22
1651445260024 0.9545567035675049 23
1651445268469 0.9552810192108154 24
1651445276803 0.955159604549408 25
1651445285229 0.9552995562553406 26
1651445293638 0.9557721614837646 27
1651445302148 0.9559035897254944 28
1651445310482 0.9566571712493896 29
1651445318826 0.9561985731124878 30
1651445327437 0.9561134576797485 31
1651445335737 0.956630289554596 32
1651445343985 0.9569240808486938 33
1651445352249 0.9568990468978882 34
1651445360647 0.9570502042770386 35
1651445369159 0.9574928879737854 36
1651445377407 0.9575508236885071 37
1651445385640 0.9579421877861023 38
1651445393929 0.9573491811752319 39
1651445402163 0.9576410055160522 40
1651445410527 0.9577890634536743 41
1651445418762 0.9585409760475159 42
1651445427011 0.9580150842666626 43
1651445435402 0.9575607776641846 44
1651445443642 0.9583072066307068 45
1651445452050 0.9584306478500366 46
1651445460351 0.9587584733963013 47
1651445468632 0.9587893486022949 48
1651445477000 0.9585987329483032 49
1651445485261 0.9592850208282471 50
1651445493651 0.9589197039604187 51
1651445501904 0.9593099355697632 52
1651445510158 0.9594141244888306 53
1651445518524 0.9595920443534851 54
1651445526890 0.9593734741210938 55
1651445535151 0.9595803022384644 56
1651445543479 0.959227979183197 57
1651445551679 0.959623396396637 58
1651445559914 0.9596922993659973 59
1651445568176 0.9599736928939819 60
1651445576413 0.9590756893157959 61
1651445584653 0.9599952697753906 62
1651445592927 0.9602634310722351 63
1651445601190 0.9598081111907959 64
1651445609439 0.9600869417190552 65
1651445617742 0.9600467085838318 66
1651445626149 0.9598528742790222 67
1651445634415 0.9601262807846069 68
1651445642675 0.9604396820068359 69
1651445650919 0.9597463011741638 70
1651445659227 0.9602296352386475 71
1651445667518 0.9603284001350403 72
1651445675926 0.9602572917938232 73
1651445684178 0.960773229598999 74
1651445692416 0.9601795673370361 75
1651445700631 0.9600875377655029 76
1651445708921 0.9606606960296631 77
1651445717170 0.9603018164634705 78
1651445725388 0.9608769416809082 79
1651445733647 0.9603867530822754 80
1651445741843 0.9607581496238708 81
1651445750092 0.9607900977134705 82
1651445758364 0.9609282612800598 83
1651445766659 0.9608728885650635 84
1651445774920 0.9608078598976135 85
1651445783147 0.9608510732650757 86
1651445791397 0.9610573649406433 87
1651445799629 0.9611263871192932 88
1651445807847 0.9609661102294922 89
1651445816104 0.9610225558280945 90
1651445824348 0.9612729549407959 91
1651445832556 0.9610013365745544 92
1651445840820 0.9610721468925476 93
1651445849093 0.9612072110176086 94
1651445857388 0.9610015749931335 95
1651445865674 0.9612160921096802 96
1651445873902 0.9615169167518616 97
1651445882165 0.9613974690437317 98
1651445890462 0.9612303972244263 99
1651445898753 0.9616156816482544 100
1651445907232 0.9615418314933777 101
1651445915508 0.9617528319358826 102
1651445923738 0.9614195227622986 103
1651445932031 0.9619627594947815 104
1651445940299 0.9613827466964722 105
1651445948538 0.961531400680542 106
1651445956768 0.9618995189666748 107
1651445965036 0.9616920351982117 108
1651445973317 0.9617997407913208 109
1651445981598 0.9619617462158203 110
1651445989878 0.9617366194725037 111
1651445998156 0.961759626865387 112
1651446006412 0.961432158946991 113
1651446014650 0.961743950843811 114
1651446022888 0.9620723128318787 115
1651446031169 0.9620878100395203 116
1651446039450 0.9618911743164062 117
1651446047657 0.9621160626411438 118
1651446055927 0.9623258113861084 119
1651446064186 0.96160888671875 120
1651446072446 0.9621121287345886 121
1651446080749 0.9621556997299194 122
1651446089003 0.9613445997238159 123
1651446097182 0.9620646238327026 124
1651446105437 0.9622109532356262 125
1651446113677 0.9621362090110779 126
1651446121869 0.9621029496192932 127
1651446130071 0.961841344833374 128
1651446138303 0.9622564315795898 129
1651446146508 0.9623222351074219 130
1651446154780 0.9622908234596252 131
1651446166313 0.9615418314933777 132
