1651445068360 661472.0 0
1651445076678 1186940.0 1
1651445085030 1266731.0 2
1651445093456 1110535.0 3
1651445101873 1060617.0 4
1651445110215 1057820.0 5
1651445118472 1045605.0 6
1651445126965 1056740.0 7
1651445135377 1070910.0 8
1651445143814 1063994.0 9
1651445152072 1074474.0 10
1651445160471 1065688.0 11
1651445168750 1084381.0 12
1651445177012 1077155.0 13
1651445185324 1070695.0 14
1651445193625 1082979.0 15
1651445202093 1083699.0 16
1651445210384 1080295.0 17
1651445218691 1084695.0 18
1651445226951 1096843.0 19
1651445235263 1088470.0 20
1651445243538 1103263.0 21
1651445251840 1089974.0 22
1651445260024 1096594.0 23
1651445268469 1098636.0 24
1651445276803 1080450.0 25
1651445285229 1086064.0 26
1651445293638 1096078.0 27
1651445302148 1086685.0 28
1651445310482 1094394.0 29
1651445318826 1090087.0 30
1651445327437 1098175.0 31
1651445335737 1094672.0 32
1651445343985 1097326.0 33
1651445352249 1079289.0 34
1651445360647 1087794.0 35
1651445369159 1085725.0 36
1651445377407 1088043.0 37
1651445385640 1087821.0 38
1651445393929 1081694.0 39
1651445402163 1087817.0 40
1651445410527 1091378.0 41
1651445418762 1074844.0 42
1651445427011 1088766.0 43
1651445435402 1085428.0 44
1651445443642 1099966.0 45
1651445452050 1081138.0 46
1651445460351 1080432.0 47
1651445468632 1083163.0 48
1651445477000 1072038.0 49
1651445485261 1072597.0 50
1651445493651 1085762.0 51
1651445501904 1069187.0 52
1651445510158 1082697.0 53
1651445518524 1067219.0 54
1651445526890 1076320.0 55
1651445535151 1093097.0 56
1651445543479 1075727.0 57
1651445551679 1085507.0 58
1651445559914 1077158.0 59
1651445568176 1069378.0 60
1651445576413 1082887.0 61
1651445584653 1059912.0 62
1651445592927 1078956.0 63
1651445601190 1081814.0 64
1651445609439 1065119.0 65
1651445617742 1082836.0 66
1651445626149 1074242.0 67
1651445634415 1075075.0 68
1651445642675 1074508.0 69
1651445650919 1075396.0 70
1651445659227 1070539.0 71
1651445667518 1071366.0 72
1651445675926 1078149.0 73
1651445684178 1071599.0 74
1651445692416 1078828.0 75
1651445700631 1076877.0 76
1651445708921 1077056.0 77
1651445717170 1075775.0 78
1651445725388 1071682.0 79
1651445733647 1068601.0 80
1651445741843 1077994.0 81
1651445750092 1081183.0 82
1651445758364 1066296.0 83
1651445766659 1084118.0 84
1651445774920 1073074.0 85
1651445783147 1051032.0 86
1651445791397 1064371.0 87
1651445799629 1071143.0 88
1651445807847 1060882.0 89
1651445816104 1071626.0 90
1651445824348 1077708.0 91
1651445832556 1065531.0 92
1651445840820 1082782.0 93
1651445849093 1069040.0 94
1651445857388 1072066.0 95
1651445865674 1073139.0 96
1651445873902 1064457.0 97
1651445882165 1064978.0 98
1651445890462 1069136.0 99
1651445898753 1070998.0 100
1651445907232 1058456.0 101
1651445915508 1077157.0 102
1651445923738 1074171.0 103
1651445932031 1068652.0 104
1651445940299 1071379.0 105
1651445948538 1066443.0 106
1651445956768 1060510.0 107
1651445965036 1044583.0 108
1651445973317 1063404.0 109
1651445981598 1064396.0 110
1651445989878 1063836.0 111
1651445998156 1046755.0 112
1651446006412 1058761.0 113
1651446014650 1067978.0 114
1651446022888 1065950.0 115
1651446031169 1071210.0 116
1651446039450 1066661.0 117
1651446047657 1063265.0 118
1651446055927 1071495.0 119
1651446064186 1078984.0 120
1651446072446 1062615.0 121
1651446080749 1057566.0 122
1651446089003 1060428.0 123
1651446097182 1061350.0 124
1651446105437 1064619.0 125
1651446113677 1061709.0 126
1651446121869 1063077.0 127
1651446130071 1053817.0 128
1651446138303 1061803.0 129
1651446146508 1057568.0 130
1651446154780 1069362.0 131
1651446166313 1058456.0 132
