1651445068360 5815215.0 0
1651445076678 2337647.0 1
1651445085030 1952395.0 2
1651445093456 1971888.0 3
1651445101873 1921680.0 4
1651445110215 1887471.0 5
1651445118472 1862557.0 6
1651445126965 1826143.0 7
1651445135377 1822894.0 8
1651445143814 1795873.0 9
1651445152072 1772295.0 10
1651445160471 1756523.0 11
1651445168750 1742293.0 12
1651445177012 1736525.0 13
1651445185324 1741234.0 14
1651445193625 1705111.0 15
1651445202093 1710651.0 16
1651445210384 1692864.0 17
1651445218691 1688286.0 18
1651445226951 1678499.0 19
1651445235263 1663706.0 20
1651445243538 1655218.0 21
1651445251840 1682371.0 22
1651445260024 1655526.0 23
1651445268469 1634081.0 24
1651445276803 1657106.0 25
1651445285229 1649423.0 26
1651445293638 1631824.0 27
1651445302148 1631684.0 28
1651445310482 1619067.0 29
1651445318826 1617894.0 30
1651445327437 1619410.0 31
1651445335737 1608791.0 32
1651445343985 1608576.0 33
1651445352249 1616396.0 34
1651445360647 1607827.0 35
1651445369159 1607093.0 36
1651445377407 1594476.0 37
1651445385640 1583586.0 38
1651445393929 1598575.0 39
1651445402163 1592649.0 40
1651445410527 1587590.0 41
1651445418762 1580041.0 42
1651445427011 1583747.0 43
1651445435402 1587665.0 44
1651445443642 1562511.0 45
1651445452050 1583218.0 46
1651445460351 1572708.0 47
1651445468632 1563417.0 48
1651445477000 1576990.0 49
1651445485261 1570746.0 50
1651445493651 1565021.0 51
1651445501904 1575671.0 52
1651445510158 1565128.0 53
1651445518524 1568271.0 54
1651445526890 1558695.0 55
1651445535151 1545956.0 56
1651445543479 1566064.0 57
1651445551679 1549525.0 58
1651445559914 1562073.0 59
1651445568176 1567958.0 60
1651445576413 1570347.0 61
1651445584653 1551356.0 62
1651445592927 1547927.0 63
1651445601190 1549330.0 64
1651445609439 1566489.0 65
1651445617742 1551295.0 66
1651445626149 1553710.0 67
1651445634415 1551358.0 68
1651445642675 1542580.0 69
1651445650919 1554327.0 70
1651445659227 1550131.0 71
1651445667518 1557033.0 72
1651445675926 1542467.0 73
1651445684178 1532687.0 74
1651445692416 1549514.0 75
1651445700631 1558391.0 76
1651445708921 1539931.0 77
1651445717170 1544931.0 78
1651445725388 1535591.0 79
1651445733647 1540155.0 80
1651445741843 1528407.0 81
1651445750092 1536906.0 82
1651445758364 1544257.0 83
1651445766659 1537844.0 84
1651445774920 1531691.0 85
1651445783147 1556243.0 86
1651445791397 1538330.0 87
1651445799629 1530182.0 88
1651445807847 1547312.0 89
1651445816104 1533609.0 90
1651445824348 1522361.0 91
1651445832556 1531976.0 92
1651445840820 1527656.0 93
1651445849093 1539480.0 94
1651445857388 1527321.0 95
1651445865674 1523698.0 96
1651445873902 1530921.0 97
1651445882165 1523703.0 98
1651445890462 1531678.0 99
1651445898753 1524603.0 100
1651445907232 1546968.0 101
1651445915508 1518908.0 102
1651445923738 1534287.0 103
1651445932031 1519745.0 104
1651445940299 1515658.0 105
1651445948538 1518017.0 106
1651445956768 1535540.0 107
1651445965036 1541504.0 108
1651445973317 1522006.0 109
1651445981598 1526852.0 110
1651445989878 1537670.0 111
1651445998156 1536201.0 112
1651446006412 1524630.0 113
1651446014650 1531898.0 114
1651446022888 1524451.0 115
1651446031169 1523945.0 116
1651446039450 1511867.0 117
1651446047657 1528149.0 118
1651446055927 1514439.0 119
1651446064186 1510498.0 120
1651446072446 1513394.0 121
1651446080749 1521722.0 122
1651446089003 1535847.0 123
1651446097182 1519294.0 124
1651446105437 1518777.0 125
1651446113677 1521381.0 126
1651446121869 1517821.0 127
1651446130071 1531661.0 128
1651446138303 1523166.0 129
1651446146508 1525456.0 130
1651446154780 1512870.0 131
1651446166313 1546968.0 132
