1651445068360 0.3587223291397095 0
1651445076678 0.2861140966415405 1
1651445085030 0.261362761259079 2
1651445093456 0.22738860547542572 3
1651445101873 0.21941809356212616 4
1651445110215 0.21578556299209595 5
1651445118472 0.21274171769618988 6
1651445126965 0.21122585237026215 7
1651445135377 0.21113882958889008 8
1651445143814 0.20859690010547638 9
1651445152072 0.20737726986408234 10
1651445160471 0.2060176134109497 11
1651445168750 0.20526428520679474 12
1651445177012 0.205088809132576 13
1651445185324 0.20451462268829346 14
1651445193625 0.20353096723556519 15
1651445202093 0.20283132791519165 16
1651445210384 0.20243996381759644 17
1651445218691 0.2015303373336792 18
1651445226951 0.20149245858192444 19
1651445235263 0.20041882991790771 20
1651445243538 0.20045925676822662 21
1651445251840 0.20095103979110718 22
1651445260024 0.2000250220298767 23
1651445268469 0.19844044744968414 24
1651445276803 0.19896429777145386 25
1651445285229 0.19853806495666504 26
1651445293638 0.19759929180145264 27
1651445302148 0.19727332890033722 28
1651445310482 0.1961231380701065 29
1651445318826 0.1965472549200058 30
1651445327437 0.1969035118818283 31
1651445335737 0.19593951106071472 32
1651445343985 0.19553489983081818 33
1651445352249 0.19554701447486877 34
1651445360647 0.19529756903648376 35
1651445369159 0.1945687085390091 36
1651445377407 0.1944059580564499 37
1651445385640 0.19350925087928772 38
1651445393929 0.1945294588804245 39
1651445402163 0.1940275877714157 40
1651445410527 0.19371186196804047 41
1651445418762 0.1923816204071045 42
1651445427011 0.19330579042434692 43
1651445435402 0.19400133192539215 44
1651445443642 0.1926034390926361 45
1651445452050 0.19233009219169617 46
1651445460351 0.19197924435138702 47
1651445468632 0.19186554849147797 48
1651445477000 0.19196389615535736 49
1651445485261 0.19103726744651794 50
1651445493651 0.1916910707950592 51
1651445501904 0.19084292650222778 52
1651445510158 0.1908949911594391 53
1651445518524 0.190303772687912 54
1651445526890 0.19062747061252594 55
1651445535151 0.19050541520118713 56
1651445543479 0.19108624756336212 57
1651445551679 0.19030489027500153 58
1651445559914 0.19028088450431824 59
1651445568176 0.18971164524555206 60
1651445576413 0.19156967103481293 61
1651445584653 0.18936926126480103 62
1651445592927 0.18921087682247162 63
1651445601190 0.1898573935031891 64
1651445609439 0.18974754214286804 65
1651445617742 0.1896514743566513 66
1651445626149 0.18991445004940033 67
1651445634415 0.18921619653701782 68
1651445642675 0.18868277966976166 69
1651445650919 0.1899733692407608 70
1651445659227 0.18915517628192902 71
1651445667518 0.18909336626529694 72
1651445675926 0.18904848396778107 73
1651445684178 0.18780088424682617 74
1651445692416 0.18940313160419464 75
1651445700631 0.18953822553157806 76
1651445708921 0.18850688636302948 77
1651445717170 0.18895085155963898 78
1651445725388 0.18779759109020233 79
1651445733647 0.1885983794927597 80
1651445741843 0.1881091296672821 81
1651445750092 0.18833670020103455 82
1651445758364 0.18797419965267181 83
1651445766659 0.18799586594104767 84
1651445774920 0.18805864453315735 85
1651445783147 0.18791964650154114 86
1651445791397 0.18751570582389832 87
1651445799629 0.1873781383037567 88
1651445807847 0.18773749470710754 89
1651445816104 0.18758302927017212 90
1651445824348 0.18708622455596924 91
1651445832556 0.18736684322357178 92
1651445840820 0.18765951693058014 93
1651445849093 0.18739093840122223 94
1651445857388 0.18751020729541779 95
1651445865674 0.18697817623615265 96
1651445873902 0.18649983406066895 97
1651445882165 0.18688000738620758 98
1651445890462 0.1871858388185501 99
1651445898753 0.18648584187030792 100
1651445907232 0.18670693039894104 101
1651445915508 0.18625961244106293 102
1651445923738 0.18701902031898499 103
1651445932031 0.18593069911003113 104
1651445940299 0.18662123382091522 105
1651445948538 0.1863528937101364 106
1651445956768 0.18608859181404114 107
1651445965036 0.1862625628709793 108
1651445973317 0.1859222799539566 109
1651445981598 0.18589432537555695 110
1651445989878 0.18636566400527954 111
1651445998156 0.18601825833320618 112
1651446006412 0.186668261885643 113
1651446014650 0.18635180592536926 114
1651446022888 0.18568529188632965 115
1651446031169 0.1858096569776535 116
1651446039450 0.18552300333976746 117
1651446047657 0.18551421165466309 118
1651446055927 0.18527241051197052 119
1651446064186 0.18603827059268951 120
1651446072446 0.1853974461555481 121
1651446080749 0.18531885743141174 122
1651446089003 0.18692581355571747 123
1651446097182 0.1854480803012848 124
1651446105437 0.18527615070343018 125
1651446113677 0.18533039093017578 126
1651446121869 0.1853451281785965 127
1651446130071 0.18610964715480804 128
1651446138303 0.18536487221717834 129
1651446146508 0.18505258858203888 130
1651446154780 0.18509741127490997 131
1651446166313 0.18670693039894104 132
