1651445068360 0.8453636169433594 0
1651445076678 0.924355685710907 1
1651445085030 0.9358568787574768 2
1651445093456 0.9355883002281189 3
1651445101873 0.937227725982666 4
1651445110215 0.9382818341255188 5
1651445118472 0.9390712976455688 6
1651445126965 0.9401693344116211 7
1651445135377 0.9402416944503784 8
1651445143814 0.9410887360572815 9
1651445152072 0.9417970776557922 10
1651445160471 0.9423017501831055 11
1651445168750 0.9427073001861572 12
1651445177012 0.9428997039794922 13
1651445185324 0.9427658915519714 14
1651445193625 0.9438638687133789 15
1651445202093 0.9436904191970825 16
1651445210384 0.9442495703697205 17
1651445218691 0.9443838596343994 18
1651445226951 0.9446662664413452 19
1651445235263 0.945142388343811 20
1651445243538 0.9453802704811096 21
1651445251840 0.9445582628250122 22
1651445260024 0.9453827142715454 23
1651445268469 0.9460484385490417 24
1651445276803 0.9453625679016113 25
1651445285229 0.9455920457839966 26
1651445293638 0.946123480796814 27
1651445302148 0.9461445212364197 28
1651445310482 0.9465250968933105 29
1651445318826 0.9465693831443787 30
1651445327437 0.9465076923370361 31
1651445335737 0.9468459486961365 32
1651445343985 0.9468480348587036 33
1651445352249 0.9466352462768555 34
1651445360647 0.9468882083892822 35
1651445369159 0.9469147324562073 36
1651445377407 0.9473055005073547 37
1651445385640 0.947646975517273 38
1651445393929 0.9471883177757263 39
1651445402163 0.9473631978034973 40
1651445410527 0.9475153684616089 41
1651445418762 0.9477804899215698 42
1651445427011 0.9476402997970581 43
1651445435402 0.9475234150886536 44
1651445443642 0.9482868909835815 45
1651445452050 0.947670042514801 46
1651445460351 0.9480006098747253 47
1651445468632 0.948287308216095 48
1651445477000 0.9478808641433716 49
1651445485261 0.9480755925178528 50
1651445493651 0.9482325315475464 51
1651445501904 0.9479270577430725 52
1651445510158 0.9482343792915344 53
1651445518524 0.9481623768806458 54
1651445526890 0.948447048664093 55
1651445535151 0.9488184452056885 56
1651445543479 0.94821697473526 57
1651445551679 0.9487192630767822 58
1651445559914 0.9483397006988525 59
1651445568176 0.9481684565544128 60
1651445576413 0.9480703473091125 61
1651445584653 0.9487051963806152 62
1651445592927 0.9487805366516113 63
1651445601190 0.9487316012382507 64
1651445609439 0.9482218027114868 65
1651445617742 0.9486682415008545 66
1651445626149 0.9486069679260254 67
1651445634415 0.9486793875694275 68
1651445642675 0.9489558935165405 69
1651445650919 0.9485856294631958 70
1651445659227 0.9487255215644836 71
1651445667518 0.9485076665878296 72
1651445675926 0.9489532709121704 73
1651445684178 0.949271559715271 74
1651445692416 0.9487308859825134 75
1651445700631 0.9484556317329407 76
1651445708921 0.9490347504615784 77
1651445717170 0.9488798975944519 78
1651445725388 0.9491801261901855 79
1651445733647 0.9490419626235962 80
1651445741843 0.9493952989578247 81
1651445750092 0.9491228461265564 82
1651445758364 0.9489170908927917 83
1651445766659 0.949088454246521 84
1651445774920 0.9493003487586975 85
1651445783147 0.9485669732093811 86
1651445791397 0.9491064548492432 87
1651445799629 0.9493510127067566 88
1651445807847 0.9488304257392883 89
1651445816104 0.9492425322532654 90
1651445824348 0.9495858550071716 91
1651445832556 0.9493040442466736 92
1651445840820 0.9494109153747559 93
1651445849093 0.9490624666213989 94
1651445857388 0.9494394063949585 95
1651445865674 0.9495514631271362 96
1651445873902 0.949338972568512 97
1651445882165 0.9495649337768555 98
1651445890462 0.949307382106781 99
1651445898753 0.9495266675949097 100
1651445907232 0.9488453269004822 101
1651445915508 0.9496954083442688 102
1651445923738 0.9492169618606567 103
1651445932031 0.9496833086013794 104
1651445940299 0.9498072266578674 105
1651445948538 0.9497413039207458 106
1651445956768 0.9492005705833435 107
1651445965036 0.9490401744842529 108
1651445973317 0.9496209025382996 109
1651445981598 0.9494669437408447 110
1651445989878 0.9491280317306519 111
1651445998156 0.9492029547691345 112
1651446006412 0.949546217918396 113
1651446014650 0.9493023753166199 114
1651446022888 0.9495397806167603 115
1651446031169 0.9495469927787781 116
1651446039450 0.9499343633651733 117
1651446047657 0.949428141117096 118
1651446055927 0.9498453736305237 119
1651446064186 0.9499569535255432 120
1651446072446 0.9498929977416992 121
1651446080749 0.9496395587921143 122
1651446089003 0.9491910338401794 123
1651446097182 0.9497095942497253 124
1651446105437 0.9497204422950745 125
1651446113677 0.9496434330940247 126
1651446121869 0.9497530460357666 127
1651446130071 0.9493336081504822 128
1651446138303 0.9495871067047119 129
1651446146508 0.9495222568511963 130
1651446154780 0.9498983025550842 131
1651446166313 0.9488453269004822 132
