1651445068360 0.9796168804168701 0
1651445076678 0.9601061344146729 1
1651445085030 0.9574242830276489 2
1651445093456 0.9626741409301758 3
1651445101873 0.964352011680603 4
1651445110215 0.964445948600769 5
1651445118472 0.9648565649986267 6
1651445126965 0.964482307434082 7
1651445135377 0.9640060067176819 8
1651445143814 0.9642384648323059 9
1651445152072 0.9638862013816833 10
1651445160471 0.9641815423965454 11
1651445168750 0.963553249835968 12
1651445177012 0.963796079158783 13
1651445185324 0.9640132188796997 14
1651445193625 0.9636003375053406 15
1651445202093 0.9635761380195618 16
1651445210384 0.9636905193328857 17
1651445218691 0.9635426998138428 18
1651445226951 0.9631343483924866 19
1651445235263 0.963415801525116 20
1651445243538 0.9629185795783997 21
1651445251840 0.9633652567863464 22
1651445260024 0.9631427526473999 23
1651445268469 0.9630741477012634 24
1651445276803 0.9636853933334351 25
1651445285229 0.9634966850280762 26
1651445293638 0.9631600975990295 27
1651445302148 0.9634758234024048 28
1651445310482 0.9632167220115662 29
1651445318826 0.9633615016937256 30
1651445327437 0.9630895853042603 31
1651445335737 0.9632073640823364 32
1651445343985 0.9631181359291077 33
1651445352249 0.9637243747711182 34
1651445360647 0.9634385704994202 35
1651445369159 0.9635080695152283 36
1651445377407 0.9634301066398621 37
1651445385640 0.963437557220459 38
1651445393929 0.9636435508728027 39
1651445402163 0.9634377956390381 40
1651445410527 0.9633180499076843 41
1651445418762 0.9638738036155701 42
1651445427011 0.9634058475494385 43
1651445435402 0.9635180830955505 44
1651445443642 0.9630294442176819 45
1651445452050 0.9636622071266174 46
1651445460351 0.9636859893798828 47
1651445468632 0.9635941386222839 48
1651445477000 0.9639680981636047 49
1651445485261 0.9639493823051453 50
1651445493651 0.963506817817688 51
1651445501904 0.9640638828277588 52
1651445510158 0.9636098742485046 53
1651445518524 0.9641301035881042 54
1651445526890 0.9638241529464722 55
1651445535151 0.9632602334022522 56
1651445543479 0.9638440608978271 57
1651445551679 0.9635153412818909 58
1651445559914 0.9637960195541382 59
1651445568176 0.9640575051307678 60
1651445576413 0.9636034369468689 61
1651445584653 0.9643756747245789 62
1651445592927 0.9637355804443359 63
1651445601190 0.963639497756958 64
1651445609439 0.9642006158828735 65
1651445617742 0.9636051654815674 66
1651445626149 0.9638940095901489 67
1651445634415 0.9638659954071045 68
1651445642675 0.9638850688934326 69
1651445650919 0.9638552069664001 70
1651445659227 0.9640184640884399 71
1651445667518 0.9639906883239746 72
1651445675926 0.9637627601623535 73
1651445684178 0.963982880115509 74
1651445692416 0.9637398719787598 75
1651445700631 0.9638054966926575 76
1651445708921 0.9637994170188904 77
1651445717170 0.9638424515724182 78
1651445725388 0.9639800190925598 79
1651445733647 0.9640836715698242 80
1651445741843 0.9637678861618042 81
1651445750092 0.963660717010498 82
1651445758364 0.9641610980033875 83
1651445766659 0.9635620713233948 84
1651445774920 0.9639332890510559 85
1651445783147 0.9646741151809692 86
1651445791397 0.9642257690429688 87
1651445799629 0.9639981985092163 88
1651445807847 0.9643430709838867 89
1651445816104 0.9639819264411926 90
1651445824348 0.9637775421142578 91
1651445832556 0.9641867876052856 92
1651445840820 0.9636070132255554 93
1651445849093 0.9640688300132751 94
1651445857388 0.9639671444892883 95
1651445865674 0.9639310836791992 96
1651445873902 0.9642228484153748 97
1651445882165 0.9642053842544556 98
1651445890462 0.9640656113624573 99
1651445898753 0.9640030264854431 100
1651445907232 0.9644246101379395 101
1651445915508 0.963796079158783 102
1651445923738 0.9638964533805847 103
1651445932031 0.964081883430481 104
1651445940299 0.9639902114868164 105
1651445948538 0.9641561508178711 106
1651445956768 0.9643555879592896 107
1651445965036 0.9648908376693726 108
1651445973317 0.9642583131790161 109
1651445981598 0.9642249345779419 110
1651445989878 0.9642437696456909 111
1651445998156 0.9648178219795227 112
1651446006412 0.9644143581390381 113
1651446014650 0.9641045331954956 114
1651446022888 0.9641727209091187 115
1651446031169 0.9639959335327148 116
1651446039450 0.964148759841919 117
1651446047657 0.9642630219459534 118
1651446055927 0.963986337184906 119
1651446064186 0.9637346267700195 120
1651446072446 0.9642848372459412 121
1651446080749 0.9644545316696167 122
1651446089003 0.9643583297729492 123
1651446097182 0.964327335357666 124
1651446105437 0.9642174243927002 125
1651446113677 0.9643152952194214 126
1651446121869 0.9642693400382996 127
1651446130071 0.9645805358886719 128
1651446138303 0.9643120765686035 129
1651446146508 0.9644544720649719 130
1651446154780 0.9640580415725708 131
1651446166313 0.9644246101379395 132
