1651445068360 2178756.0 0
1651445076678 5015041.0 1
1651445085030 5400293.0 2
1651445093456 5380800.0 3
1651445101873 5431008.0 4
1651445110215 5465217.0 5
1651445118472 5490131.0 6
1651445126965 5526545.0 7
1651445135377 5529794.0 8
1651445143814 5556815.0 9
1651445152072 5580393.0 10
1651445160471 5596165.0 11
1651445168750 5610395.0 12
1651445177012 5616163.0 13
1651445185324 5611454.0 14
1651445193625 5647577.0 15
1651445202093 5642037.0 16
1651445210384 5659824.0 17
1651445218691 5664402.0 18
1651445226951 5674189.0 19
1651445235263 5688982.0 20
1651445243538 5697470.0 21
1651445251840 5670317.0 22
1651445260024 5697162.0 23
1651445268469 5718607.0 24
1651445276803 5695582.0 25
1651445285229 5703265.0 26
1651445293638 5720864.0 27
1651445302148 5721004.0 28
1651445310482 5733621.0 29
1651445318826 5734794.0 30
1651445327437 5733278.0 31
1651445335737 5743897.0 32
1651445343985 5744112.0 33
1651445352249 5736292.0 34
1651445360647 5744861.0 35
1651445369159 5745595.0 36
1651445377407 5758212.0 37
1651445385640 5769102.0 38
1651445393929 5754113.0 39
1651445402163 5760039.0 40
1651445410527 5765098.0 41
1651445418762 5772647.0 42
1651445427011 5768941.0 43
1651445435402 5765023.0 44
1651445443642 5790177.0 45
1651445452050 5769470.0 46
1651445460351 5779980.0 47
1651445468632 5789271.0 48
1651445477000 5775698.0 49
1651445485261 5781942.0 50
1651445493651 5787667.0 51
1651445501904 5777017.0 52
1651445510158 5787560.0 53
1651445518524 5784417.0 54
1651445526890 5793993.0 55
1651445535151 5806732.0 56
1651445543479 5786624.0 57
1651445551679 5803163.0 58
1651445559914 5790615.0 59
1651445568176 5784730.0 60
1651445576413 5782341.0 61
1651445584653 5801332.0 62
1651445592927 5804761.0 63
1651445601190 5803358.0 64
1651445609439 5786199.0 65
1651445617742 5801393.0 66
1651445626149 5798978.0 67
1651445634415 5801330.0 68
1651445642675 5810108.0 69
1651445650919 5798361.0 70
1651445659227 5802557.0 71
1651445667518 5795655.0 72
1651445675926 5810221.0 73
1651445684178 5820001.0 74
1651445692416 5803174.0 75
1651445700631 5794297.0 76
1651445708921 5812757.0 77
1651445717170 5807757.0 78
1651445725388 5817097.0 79
1651445733647 5812533.0 80
1651445741843 5824281.0 81
1651445750092 5815782.0 82
1651445758364 5808431.0 83
1651445766659 5814844.0 84
1651445774920 5820997.0 85
1651445783147 5796445.0 86
1651445791397 5814358.0 87
1651445799629 5822506.0 88
1651445807847 5805376.0 89
1651445816104 5819079.0 90
1651445824348 5830327.0 91
1651445832556 5820712.0 92
1651445840820 5825032.0 93
1651445849093 5813208.0 94
1651445857388 5825367.0 95
1651445865674 5828990.0 96
1651445873902 5821767.0 97
1651445882165 5828985.0 98
1651445890462 5821010.0 99
1651445898753 5828085.0 100
1651445907232 5805720.0 101
1651445915508 5833780.0 102
1651445923738 5818401.0 103
1651445932031 5832943.0 104
1651445940299 5837030.0 105
1651445948538 5834671.0 106
1651445956768 5817148.0 107
1651445965036 5811184.0 108
1651445973317 5830682.0 109
1651445981598 5825836.0 110
1651445989878 5815018.0 111
1651445998156 5816487.0 112
1651446006412 5828058.0 113
1651446014650 5820790.0 114
1651446022888 5828237.0 115
1651446031169 5828743.0 116
1651446039450 5840821.0 117
1651446047657 5824539.0 118
1651446055927 5838249.0 119
1651446064186 5842190.0 120
1651446072446 5839294.0 121
1651446080749 5830966.0 122
1651446089003 5816841.0 123
1651446097182 5833394.0 124
1651446105437 5833911.0 125
1651446113677 5831307.0 126
1651446121869 5834867.0 127
1651446130071 5821027.0 128
1651446138303 5829522.0 129
1651446146508 5827232.0 130
1651446154780 5839818.0 131
1651446166313 5805720.0 132
