1651445068360 31790514.0 0
1651445076678 28565516.0 1
1651445085030 28485728.0 2
1651445093456 28641928.0 3
1651445101873 28691844.0 4
1651445110215 28694644.0 5
1651445118472 28706864.0 6
1651445126965 28695732.0 7
1651445135377 28681552.0 8
1651445143814 28688472.0 9
1651445152072 28677996.0 10
1651445160471 28686772.0 11
1651445168750 28668084.0 12
1651445177012 28675312.0 13
1651445185324 28681776.0 14
1651445193625 28669492.0 15
1651445202093 28668760.0 16
1651445210384 28672172.0 17
1651445218691 28667770.0 18
1651445226951 28655628.0 19
1651445235263 28664004.0 20
1651445243538 28649188.0 21
1651445251840 28662484.0 22
1651445260024 28655868.0 23
1651445268469 28653832.0 24
1651445276803 28672020.0 25
1651445285229 28666398.0 26
1651445293638 28656386.0 27
1651445302148 28665780.0 28
1651445310482 28658072.0 29
1651445318826 28662382.0 30
1651445327437 28654296.0 31
1651445335737 28657804.0 32
1651445343985 28655136.0 33
1651445352249 28673182.0 34
1651445360647 28664684.0 35
1651445369159 28666746.0 36
1651445377407 28664408.0 37
1651445385640 28664630.0 38
1651445393929 28670772.0 39
1651445402163 28664648.0 40
1651445410527 28661090.0 41
1651445418762 28677624.0 42
1651445427011 28663694.0 43
1651445435402 28667048.0 44
1651445443642 28652508.0 45
1651445452050 28671320.0 46
1651445460351 28672028.0 47
1651445468632 28669300.0 48
1651445477000 28680428.0 49
1651445485261 28679880.0 50
1651445493651 28666700.0 51
1651445501904 28683284.0 52
1651445510158 28669772.0 53
1651445518524 28685246.0 54
1651445526890 28676138.0 55
1651445535151 28659370.0 56
1651445543479 28676740.0 57
1651445551679 28666956.0 58
1651445559914 28675300.0 59
1651445568176 28683096.0 60
1651445576413 28669572.0 61
1651445584653 28692554.0 62
1651445592927 28673506.0 63
1651445601190 28670656.0 64
1651445609439 28687344.0 65
1651445617742 28669630.0 66
1651445626149 28678224.0 67
1651445634415 28677388.0 68
1651445642675 28677956.0 69
1651445650919 28677068.0 70
1651445659227 28681920.0 71
1651445667518 28681092.0 72
1651445675926 28674324.0 73
1651445684178 28680862.0 74
1651445692416 28673642.0 75
1651445700631 28675584.0 76
1651445708921 28675412.0 77
1651445717170 28676680.0 78
1651445725388 28680772.0 79
1651445733647 28683860.0 80
1651445741843 28674468.0 81
1651445750092 28671284.0 82
1651445758364 28686178.0 83
1651445766659 28668352.0 84
1651445774920 28679382.0 85
1651445783147 28701436.0 86
1651445791397 28688088.0 87
1651445799629 28681322.0 88
1651445807847 28691584.0 89
1651445816104 28680832.0 90
1651445824348 28674762.0 91
1651445832556 28686928.0 92
1651445840820 28669688.0 93
1651445849093 28683424.0 94
1651445857388 28680404.0 95
1651445865674 28679324.0 96
1651445873902 28688006.0 97
1651445882165 28687484.0 98
1651445890462 28683328.0 99
1651445898753 28681470.0 100
1651445907232 28694016.0 101
1651445915508 28675308.0 102
1651445923738 28678294.0 103
1651445932031 28683816.0 104
1651445940299 28681092.0 105
1651445948538 28686028.0 106
1651445956768 28691956.0 107
1651445965036 28707880.0 108
1651445973317 28689058.0 109
1651445981598 28688064.0 110
1651445989878 28688620.0 111
1651445998156 28705704.0 112
1651446006412 28693704.0 113
1651446014650 28684482.0 114
1651446022888 28686504.0 115
1651446031169 28681256.0 116
1651446039450 28685802.0 117
1651446047657 28689208.0 118
1651446055927 28680968.0 119
1651446064186 28673488.0 120
1651446072446 28689854.0 121
1651446080749 28694896.0 122
1651446089003 28692040.0 123
1651446097182 28691108.0 124
1651446105437 28687848.0 125
1651446113677 28690760.0 126
1651446121869 28689392.0 127
1651446130071 28698644.0 128
1651446138303 28690648.0 129
1651446146508 28694900.0 130
1651446154780 28683100.0 131
1651446166313 28694016.0 132
