1651446705406 0.8393910527229309 0
1651446716290 0.9106225371360779 1
1651446727274 0.9131152629852295 2
1651446738114 0.9139681458473206 3
1651446749043 0.9144273996353149 4
1651446760048 0.915100634098053 5
1651446771088 0.9150659441947937 6
1651446782265 0.9166320562362671 7
1651446793500 0.9166926741600037 8
1651446804980 0.9173645973205566 9
1651446816200 0.9179055094718933 10
1651446827315 0.9176605939865112 11
1651446838403 0.9178246855735779 12
1651446849494 0.9183672666549683 13
1651446860819 0.9188849925994873 14
1651446871968 0.9187275171279907 15
1651446883315 0.9192396998405457 16
1651446894660 0.9187871217727661 17
1651446905768 0.9197006225585938 18
1651446916899 0.9194144010543823 19
1651446928024 0.9200104475021362 20
1651446939127 0.919710099697113 21
1651446950222 0.9200089573860168 22
1651446961301 0.919805645942688 23
1651446972439 0.9204541444778442 24
1651446983559 0.9204875826835632 25
1651446994658 0.9209676384925842 26
1651447005799 0.920689582824707 27
1651447016912 0.9205559492111206 28
1651447028015 0.9201763868331909 29
1651447039148 0.9213027954101562 30
1651447050286 0.9209641814231873 31
1651447061396 0.9207754135131836 32
1651447072731 0.9209977388381958 33
1651447083871 0.920955240726471 34
1651447094987 0.9211336374282837 35
1651447106069 0.9211124181747437 36
1651447117190 0.9215021133422852 37
1651447128312 0.921058714389801 38
1651447139427 0.9216539263725281 39
1651447150541 0.9216347932815552 40
1651447161669 0.9215595722198486 41
1651447172990 0.9215074777603149 42
1651447184079 0.9212674498558044 43
1651447195191 0.9221757650375366 44
1651447206301 0.9216402173042297 45
1651447217307 0.9217800498008728 46
1651447228413 0.9216712713241577 47
1651447239474 0.9221526980400085 48
1651447250565 0.9222182631492615 49
1651447261677 0.9223682880401611 50
1651447272734 0.9220350980758667 51
1651447283837 0.9217327833175659 52
1651447294914 0.9223107099533081 53
1651447305983 0.9223747849464417 54
1651447317036 0.9222574830055237 55
1651447328063 0.9224950671195984 56
1651447339125 0.9223918914794922 57
1651447350185 0.9225558638572693 58
1651447361210 0.9225910305976868 59
1651447372267 0.9228875637054443 60
1651447383366 0.9227913022041321 61
1651447394404 0.9229259490966797 62
1651447405462 0.9224066734313965 63
1651447416487 0.9228286147117615 64
1651447427541 0.9232634902000427 65
1651447438563 0.9225773215293884 66
1651447449610 0.9227750301361084 67
1651447460650 0.922935426235199 68
1651447471661 0.9232337474822998 69
1651447482672 0.9227708578109741 70
1651447493705 0.9230512380599976 71
1651447504780 0.923076331615448 72
1651447517538 0.9215074777603149 73
