1651446705406 0.8431605100631714 0
1651446716290 0.9264642000198364 1
1651446727274 0.9315654635429382 2
1651446738114 0.9341237545013428 3
1651446749043 0.9349283576011658 4
1651446760048 0.9372138381004333 5
1651446771088 0.9364760518074036 6
1651446782265 0.9401413798332214 7
1651446793500 0.9401245713233948 8
1651446804980 0.9407687783241272 9
1651446816200 0.9416096806526184 10
1651446827315 0.9417060017585754 11
1651446838403 0.9422825574874878 12
1651446849494 0.9429205060005188 13
1651446860819 0.9435274004936218 14
1651446871968 0.9432840347290039 15
1651446883315 0.9440427422523499 16
1651446894660 0.9437103271484375 17
1651446905768 0.9446167349815369 18
1651446916899 0.9446325898170471 19
1651446928024 0.9453925490379333 20
1651446939127 0.9454602599143982 21
1651446950222 0.9454158544540405 22
1651446961301 0.9449710845947266 23
1651446972439 0.946406364440918 24
1651446983559 0.9463366866111755 25
1651446994658 0.9468600153923035 26
1651447005799 0.9465103149414062 27
1651447016912 0.9466530680656433 28
1651447028015 0.9464024305343628 29
1651447039148 0.947074294090271 30
1651447050286 0.9473507404327393 31
1651447061396 0.9469026327133179 32
1651447072731 0.9474905729293823 33
1651447083871 0.9475575685501099 34
1651447094987 0.9477459788322449 35
1651447106069 0.9478046298027039 36
1651447117190 0.9481907486915588 37
1651447128312 0.9481089115142822 38
1651447139427 0.948854923248291 39
1651447150541 0.9483601450920105 40
1651447161669 0.948895275592804 41
1651447172990 0.948172926902771 42
1651447184079 0.9486697316169739 43
1651447195191 0.9491819143295288 44
1651447206301 0.9490276575088501 45
1651447217307 0.9493688344955444 46
1651447228413 0.9484821557998657 47
1651447239474 0.9497514367103577 48
1651447250565 0.9497584700584412 49
1651447261677 0.949853777885437 50
1651447272734 0.9499881267547607 51
1651447283837 0.9493374824523926 52
1651447294914 0.9496375322341919 53
1651447305983 0.9500304460525513 54
1651447317036 0.9495574831962585 55
1651447328063 0.9500952959060669 56
1651447339125 0.949977457523346 57
1651447350185 0.9500896334648132 58
1651447361210 0.9502536058425903 59
1651447372267 0.9499526619911194 60
1651447383366 0.9507038593292236 61
1651447394404 0.9508411288261414 62
1651447405462 0.9505016207695007 63
1651447416487 0.9505046010017395 64
1651447427541 0.9513944983482361 65
1651447438563 0.9509821534156799 66
1651447449610 0.9504866600036621 67
1651447460650 0.9505364298820496 68
1651447471661 0.9508699774742126 69
1651447482672 0.9506874084472656 70
1651447493705 0.9510993361473083 71
1651447504780 0.9511086940765381 72
1651447517538 0.948172926902771 73
