1651446705406 475543.0 0
1651446716290 1163112.0 1
1651446727274 1139722.0 2
1651446738114 1140400.0 3
1651446749043 1109720.0 4
1651446760048 1133404.0 5
1651446771088 1116663.0 6
1651446782265 1098193.0 7
1651446793500 1105916.0 8
1651446804980 1086700.0 9
1651446816200 1085974.0 10
1651446827315 1096140.0 11
1651446838403 1103749.0 12
1651446849494 1096616.0 13
1651446860819 1094017.0 14
1651446871968 1095491.0 15
1651446883315 1076940.0 16
1651446894660 1097288.0 17
1651446905768 1082600.0 18
1651446916899 1083169.0 19
1651446928024 1089696.0 20
1651446939127 1092765.0 21
1651446950222 1075313.0 22
1651446961301 1078356.0 23
1651446972439 1095968.0 24
1651446983559 1076823.0 25
1651446994658 1081762.0 26
1651447005799 1092661.0 27
1651447016912 1079033.0 28
1651447028015 1082434.0 29
1651447039148 1086431.0 30
1651447050286 1091775.0 31
1651447061396 1095881.0 32
1651447072731 1086738.0 33
1651447083871 1095425.0 34
1651447094987 1079807.0 35
1651447106069 1112094.0 36
1651447117190 1095144.0 37
1651447128312 1093162.0 38
1651447139427 1074505.0 39
1651447150541 1087989.0 40
1651447161669 1089291.0 41
1651447172990 1084102.0 42
1651447184079 1090724.0 43
1651447195191 1080593.0 44
1651447206301 1089410.0 45
1651447217307 1101390.0 46
1651447228413 1077076.0 47
1651447239474 1086379.0 48
1651447250565 1095639.0 49
1651447261677 1078497.0 50
1651447272734 1089547.0 51
1651447283837 1089922.0 52
1651447294914 1092905.0 53
1651447305983 1090958.0 54
1651447317036 1078811.0 55
1651447328063 1088016.0 56
1651447339125 1094562.0 57
1651447350185 1083487.0 58
1651447361210 1086431.0 59
1651447372267 1083506.0 60
1651447383366 1078167.0 61
1651447394404 1082115.0 62
1651447405462 1085823.0 63
1651447416487 1075744.0 64
1651447427541 1087106.0 65
1651447438563 1081777.0 66
1651447449610 1075512.0 67
1651447460650 1076367.0 68
1651447471661 1065202.0 69
1651447482672 1080581.0 70
1651447493705 1078248.0 71
1651447504780 1078433.0 72
1651447517538 1084102.0 73
