1651446705406 5483881.0 0
1651446716290 2153262.0 1
1651446727274 2084146.0 2
1651446738114 2051821.0 3
1651446749043 2065472.0 4
1651446760048 2016801.0 5
1651446771088 2034822.0 6
1651446782265 1995190.0 7
1651446793500 1985209.0 8
1651446804980 1979500.0 9
1651446816200 1960160.0 10
1651446827315 1959077.0 11
1651446838403 1945378.0 12
1651446849494 1932372.0 13
1651446860819 1915773.0 14
1651446871968 1920126.0 15
1651446883315 1919682.0 16
1651446894660 1916127.0 17
1651446905768 1896923.0 18
1651446916899 1906974.0 19
1651446928024 1878336.0 20
1651446939127 1886409.0 21
1651446950222 1892769.0 22
1651446961301 1897273.0 23
1651446972439 1855589.0 24
1651446983559 1873492.0 25
1651446994658 1850739.0 26
1651447005799 1850170.0 27
1651447016912 1868750.0 28
1651447028015 1879435.0 29
1651447039148 1833641.0 30
1651447050286 1840870.0 31
1651447061396 1843768.0 32
1651447072731 1844651.0 33
1651447083871 1837542.0 34
1651447094987 1846533.0 35
1651447106069 1815046.0 36
1651447117190 1817537.0 37
1651447128312 1835973.0 38
1651447139427 1832541.0 39
1651447150541 1819765.0 40
1651447161669 1821247.0 41
1651447172990 1828378.0 42
1651447184079 1830662.0 43
1651447195191 1807083.0 44
1651447206301 1818139.0 45
1651447217307 1800980.0 46
1651447228413 1829325.0 47
1651447239474 1802150.0 48
1651447250565 1790466.0 49
1651447261677 1802046.0 50
1651447272734 1803346.0 51
1651447283837 1814198.0 52
1651447294914 1789772.0 53
1651447305983 1789347.0 54
1651447317036 1805840.0 55
1651447328063 1787812.0 56
1651447339125 1785091.0 57
1651447350185 1790086.0 58
1651447361210 1785837.0 59
1651447372267 1777755.0 60
1651447383366 1786682.0 61
1651447394404 1777722.0 62
1651447405462 1793289.0 63
1651447416487 1787723.0 64
1651447427541 1760204.0 65
1651447438563 1791007.0 66
1651447449610 1789938.0 67
1651447460650 1783129.0 68
1651447471661 1783228.0 69
1651447482672 1785014.0 70
1651447493705 1776943.0 71
1651447504780 1775837.0 72
1651447517538 1828378.0 73
