1651446705406 0.36984604597091675 0
1651446716290 0.24680012464523315 1
1651446727274 0.23848186433315277 2
1651446738114 0.2347884178161621 3
1651446749043 0.23347046971321106 4
1651446760048 0.2302800416946411 5
1651446771088 0.23099152743816376 6
1651446782265 0.22587692737579346 7
1651446793500 0.22554074227809906 8
1651446804980 0.22442328929901123 9
1651446816200 0.22320100665092468 10
1651446827315 0.22292616963386536 11
1651446838403 0.2218230813741684 12
1651446849494 0.22087794542312622 13
1651446860819 0.21999892592430115 14
1651446871968 0.21998697519302368 15
1651446883315 0.21894679963588715 16
1651446894660 0.21960002183914185 17
1651446905768 0.2177463322877884 18
1651446916899 0.21796442568302155 19
1651446928024 0.21674703061580658 20
1651446939127 0.21681612730026245 21
1651446950222 0.21664154529571533 22
1651446961301 0.2170637547969818 23
1651446972439 0.21500441431999207 24
1651446983559 0.21486623585224152 25
1651446994658 0.21422003209590912 26
1651447005799 0.21459035575389862 27
1651447016912 0.2146911770105362 28
1651447028015 0.2151522934436798 29
1651447039148 0.2132464200258255 30
1651447050286 0.21331124007701874 31
1651447061396 0.2140103578567505 32
1651447072731 0.21287421882152557 33
1651447083871 0.21314896643161774 34
1651447094987 0.2126360982656479 35
1651447106069 0.21242475509643555 36
1651447117190 0.2118130922317505 37
1651447128312 0.21213382482528687 38
1651447139427 0.21089082956314087 39
1651447150541 0.2115418165922165 40
1651447161669 0.21085268259048462 41
1651447172990 0.21173520386219025 42
1651447184079 0.2113482505083084 43
1651447195191 0.2099791020154953 44
1651447206301 0.21048638224601746 45
1651447217307 0.21018192172050476 46
1651447228413 0.21133509278297424 47
1651447239474 0.20922861993312836 48
1651447250565 0.20912881195545197 49
1651447261677 0.20909886062145233 50
1651447272734 0.20923373103141785 51
1651447283837 0.21007470786571503 52
1651447294914 0.20930446684360504 53
1651447305983 0.2086344063282013 54
1651447317036 0.20935393869876862 55
1651447328063 0.20825541019439697 56
1651447339125 0.20903316140174866 57
1651447350185 0.20839351415634155 58
1651447361210 0.2080780267715454 59
1651447372267 0.2084057480096817 60
1651447383366 0.20747306942939758 61
1651447394404 0.206960529088974 62
1651447405462 0.20804733037948608 63
1651447416487 0.20792534947395325 64
1651447427541 0.2061314433813095 65
1651447438563 0.20712722837924957 66
1651447449610 0.20794644951820374 67
1651447460650 0.20752036571502686 68
1651447471661 0.2067268341779709 69
1651447482672 0.20752453804016113 70
1651447493705 0.20656493306159973 71
1651447504780 0.2067321538925171 72
1651447517538 0.21173520386219025 73
