1651446705406 0.8422396183013916 0
1651446716290 0.9299584031105042 1
1651446727274 0.9321056008338928 2
1651446738114 0.9330867528915405 3
1651446749043 0.9327387809753418 4
1651446760048 0.9341685771942139 5
1651446771088 0.9336556792259216 6
1651446782265 0.9349029064178467 7
1651446793500 0.9351911544799805 8
1651446804980 0.9354060292243958 9
1651446816200 0.9359982013702393 10
1651446827315 0.9360101222991943 11
1651446838403 0.9364132881164551 12
1651446849494 0.9368262887001038 13
1651446860819 0.937340259552002 14
1651446871968 0.9372037649154663 15
1651446883315 0.9372555017471313 16
1651446894660 0.9373226761817932 17
1651446905768 0.9379416704177856 18
1651446916899 0.9376322627067566 19
1651446928024 0.9384980797767639 20
1651446939127 0.9382438659667969 21
1651446950222 0.9380840063095093 22
1651446961301 0.9379395842552185 23
1651446972439 0.9391851425170898 24
1651446983559 0.9386728405952454 25
1651446994658 0.939362645149231 26
1651447005799 0.9393585324287415 27
1651447016912 0.938814103603363 28
1651447028015 0.938478946685791 29
1651447039148 0.9398800134658813 30
1651447050286 0.9396466612815857 31
1651447061396 0.9395492672920227 32
1651447072731 0.9395402073860168 33
1651447083871 0.9397420287132263 34
1651447094987 0.9394960403442383 35
1651447106069 0.940403163433075 36
1651447117190 0.9403594732284546 37
1651447128312 0.9397947788238525 38
1651447139427 0.9399374127388 39
1651447150541 0.9403047561645508 40
1651447161669 0.9402564167976379 41
1651447172990 0.9400467872619629 42
1651447184079 0.9399633407592773 43
1651447195191 0.9407104253768921 44
1651447206301 0.9403520822525024 45
1651447217307 0.9408585429191589 46
1651447228413 0.9400314092636108 47
1651447239474 0.9408515095710754 48
1651447250565 0.9411945939064026 49
1651447261677 0.9408700466156006 50
1651447272734 0.9408084154129028 51
1651447283837 0.9404727220535278 52
1651447294914 0.941221296787262 53
1651447305983 0.9412381649017334 54
1651447317036 0.9407522678375244 55
1651447328063 0.941291332244873 56
1651447339125 0.9413627982139587 57
1651447350185 0.9412297606468201 58
1651447361210 0.9413554668426514 59
1651447372267 0.9416109323501587 60
1651447383366 0.94134521484375 61
1651447394404 0.9416146278381348 62
1651447405462 0.94112628698349 63
1651447416487 0.9413176774978638 64
1651447427541 0.9421471953392029 65
1651447438563 0.9412046074867249 66
1651447449610 0.9412497282028198 67
1651447460650 0.941458523273468 68
1651447471661 0.9414768815040588 69
1651447482672 0.9413921236991882 70
1651447493705 0.9416460990905762 71
1651447504780 0.9416800141334534 72
1651447517538 0.9400467872619629 73
