1651446705406 0.9840166568756104 0
1651446716290 0.9609070420265198 1
1651446727274 0.9616931676864624 2
1651446738114 0.9616703987121582 3
1651446749043 0.9627015590667725 4
1651446760048 0.9619055390357971 5
1651446771088 0.9624682068824768 6
1651446782265 0.9630889892578125 7
1651446793500 0.9628294706344604 8
1651446804980 0.9634752869606018 9
1651446816200 0.9634996652603149 10
1651446827315 0.9631580114364624 11
1651446838403 0.962902307510376 12
1651446849494 0.9631420373916626 13
1651446860819 0.9632294178009033 14
1651446871968 0.9631798267364502 15
1651446883315 0.9638033509254456 16
1651446894660 0.9631194472312927 17
1651446905768 0.9636130928993225 18
1651446916899 0.9635939598083496 19
1651446928024 0.9633746147155762 20
1651446939127 0.96327143907547 21
1651446950222 0.9638580679893494 22
1651446961301 0.96375572681427 23
1651446972439 0.9631637930870056 24
1651446983559 0.963807225227356 25
1651446994658 0.9636412858963013 26
1651447005799 0.9632749557495117 27
1651447016912 0.9637330174446106 28
1651447028015 0.9636186957359314 29
1651447039148 0.9634842872619629 30
1651447050286 0.9633046984672546 31
1651447061396 0.9631666541099548 32
1651447072731 0.9634740352630615 33
1651447083871 0.9631820917129517 34
1651447094987 0.9637069702148438 35
1651447106069 0.962621808052063 36
1651447117190 0.9631915092468262 37
1651447128312 0.9632580876350403 38
1651447139427 0.9638851881027222 39
1651447150541 0.9634320139884949 40
1651447161669 0.963388204574585 41
1651447172990 0.9635626077651978 42
1651447184079 0.9633400440216064 43
1651447195191 0.9636805653572083 44
1651447206301 0.963384211063385 45
1651447217307 0.9629815816879272 46
1651447228413 0.9637987613677979 47
1651447239474 0.9634860754013062 48
1651447250565 0.9631748199462891 49
1651447261677 0.9637510180473328 50
1651447272734 0.9633795619010925 51
1651447283837 0.9633669853210449 52
1651447294914 0.9632667303085327 53
1651447305983 0.9633321762084961 54
1651447317036 0.9637404084205627 55
1651447328063 0.9634310603141785 56
1651447339125 0.9632110595703125 57
1651447350185 0.96358323097229 58
1651447361210 0.9634842872619629 59
1651447372267 0.9635826349258423 60
1651447383366 0.9637620449066162 61
1651447394404 0.9636293649673462 62
1651447405462 0.9635047912597656 63
1651447416487 0.9638435244560242 64
1651447427541 0.9634616374969482 65
1651447438563 0.9636407494544983 66
1651447449610 0.9638513326644897 67
1651447460650 0.9638225436210632 68
1651447471661 0.9641978740692139 69
1651447482672 0.9636809229850769 70
1651447493705 0.9637593626976013 71
1651447504780 0.9637531638145447 72
1651447517538 0.9635626077651978 73
