1651446705406 1868807.0 0
1651446716290 5199426.0 1
1651446727274 5268542.0 2
1651446738114 5300867.0 3
1651446749043 5287216.0 4
1651446760048 5335887.0 5
1651446771088 5317866.0 6
1651446782265 5357498.0 7
1651446793500 5367479.0 8
1651446804980 5373188.0 9
1651446816200 5392528.0 10
1651446827315 5393611.0 11
1651446838403 5407310.0 12
1651446849494 5420316.0 13
1651446860819 5436915.0 14
1651446871968 5432562.0 15
1651446883315 5433006.0 16
1651446894660 5436561.0 17
1651446905768 5455765.0 18
1651446916899 5445714.0 19
1651446928024 5474352.0 20
1651446939127 5466279.0 21
1651446950222 5459919.0 22
1651446961301 5455415.0 23
1651446972439 5497099.0 24
1651446983559 5479196.0 25
1651446994658 5501949.0 26
1651447005799 5502518.0 27
1651447016912 5483938.0 28
1651447028015 5473253.0 29
1651447039148 5519047.0 30
1651447050286 5511818.0 31
1651447061396 5508920.0 32
1651447072731 5508037.0 33
1651447083871 5515146.0 34
1651447094987 5506155.0 35
1651447106069 5537642.0 36
1651447117190 5535151.0 37
1651447128312 5516715.0 38
1651447139427 5520147.0 39
1651447150541 5532923.0 40
1651447161669 5531441.0 41
1651447172990 5524310.0 42
1651447184079 5522026.0 43
1651447195191 5545605.0 44
1651447206301 5534549.0 45
1651447217307 5551708.0 46
1651447228413 5523363.0 47
1651447239474 5550538.0 48
1651447250565 5562222.0 49
1651447261677 5550642.0 50
1651447272734 5549342.0 51
1651447283837 5538490.0 52
1651447294914 5562916.0 53
1651447305983 5563341.0 54
1651447317036 5546848.0 55
1651447328063 5564876.0 56
1651447339125 5567597.0 57
1651447350185 5562602.0 58
1651447361210 5566851.0 59
1651447372267 5574933.0 60
1651447383366 5566006.0 61
1651447394404 5574966.0 62
1651447405462 5559399.0 63
1651447416487 5564965.0 64
1651447427541 5592484.0 65
1651447438563 5561681.0 66
1651447449610 5562750.0 67
1651447460650 5569559.0 68
1651447471661 5569460.0 69
1651447482672 5567674.0 70
1651447493705 5575745.0 71
1651447504780 5576851.0 72
1651447517538 5524310.0 73
