1651446705406 29276936.0 0
1651446716290 28589356.0 1
1651446727274 28612744.0 2
1651446738114 28612060.0 3
1651446749043 28642748.0 4
1651446760048 28619058.0 5
1651446771088 28635804.0 6
1651446782265 28654262.0 7
1651446793500 28646558.0 8
1651446804980 28665764.0 9
1651446816200 28666486.0 10
1651446827315 28656324.0 11
1651446838403 28648712.0 12
1651446849494 28655856.0 13
1651446860819 28658444.0 14
1651446871968 28656970.0 15
1651446883315 28675528.0 16
1651446894660 28655188.0 17
1651446905768 28669868.0 18
1651446916899 28669302.0 19
1651446928024 28662766.0 20
1651446939127 28659698.0 21
1651446950222 28677160.0 22
1651446961301 28674104.0 23
1651446972439 28656496.0 24
1651446983559 28675640.0 25
1651446994658 28670704.0 26
1651447005799 28659804.0 27
1651447016912 28673428.0 28
1651447028015 28670028.0 29
1651447039148 28666032.0 30
1651447050286 28660676.0 31
1651447061396 28656582.0 32
1651447072731 28665718.0 33
1651447083871 28657040.0 34
1651447094987 28672660.0 35
1651447106069 28640372.0 36
1651447117190 28657324.0 37
1651447128312 28659302.0 38
1651447139427 28677956.0 39
1651447150541 28664480.0 40
1651447161669 28663172.0 41
1651447172990 28668364.0 42
1651447184079 28661732.0 43
1651447195191 28671864.0 44
1651447206301 28663056.0 45
1651447217307 28651080.0 46
1651447228413 28675388.0 47
1651447239474 28666096.0 48
1651447250565 28656832.0 49
1651447261677 28673976.0 50
1651447272734 28662912.0 51
1651447283837 28662548.0 52
1651447294914 28659558.0 53
1651447305983 28661512.0 54
1651447317036 28673648.0 55
1651447328063 28664450.0 56
1651447339125 28657908.0 57
1651447350185 28668972.0 58
1651447361210 28666028.0 59
1651447372267 28668956.0 60
1651447383366 28674296.0 61
1651447394404 28670340.0 62
1651447405462 28666650.0 63
1651447416487 28676704.0 64
1651447427541 28665366.0 65
1651447438563 28670682.0 66
1651447449610 28676952.0 67
1651447460650 28676100.0 68
1651447471661 28687270.0 69
1651447482672 28671882.0 70
1651447493705 28674220.0 71
1651447504780 28674032.0 72
1651447517538 28668364.0 73
