1651497276934 0.7867478728294373 0
1651497280796 0.801842987537384 1
1651497284847 0.8026434183120728 2
1651497288923 0.8942212462425232 3
1651497292942 0.9151235818862915 4
1651497296947 0.916454553604126 5
1651497300715 0.9189063310623169 6
1651497304722 0.9185704588890076 7
1651497308575 0.9205749034881592 8
1651497312639 0.9213947653770447 9
1651497316475 0.9213612675666809 10
1651497320307 0.9227784276008606 11
1651497324144 0.9225023984909058 12
1651497327980 0.9232844114303589 13
1651497331767 0.923931360244751 14
1651497335556 0.9242253303527832 15
1651497339625 0.9227630496025085 16
1651497343454 0.9243355989456177 17
1651497347241 0.9243758916854858 18
1651497351032 0.9256497621536255 19
1651497354875 0.9253888130187988 20
1651497358945 0.9252031445503235 21
1651497362733 0.9241281747817993 22
1651497366564 0.925493597984314 23
1651497370633 0.9264358282089233 24
1651497374433 0.92532879114151 25
1651497378277 0.9261523485183716 26
1651497382071 0.9262189865112305 27
1651497385933 0.9254478216171265 28
1651497389790 0.9269382357597351 29
1651497393591 0.9268932938575745 30
1651497397415 0.9265462756156921 31
1651497401252 0.9273858070373535 32
1651497405035 0.9266036748886108 33
1651497408900 0.927297830581665 34
1651497412736 0.926470935344696 35
1651497416599 0.9261958599090576 36
1651497420395 0.9278795123100281 37
1651497424224 0.9281013607978821 38
1651497428082 0.9278714060783386 39
1651497431899 0.9263546466827393 40
1651497435683 0.9281718730926514 41
1651497439502 0.9285264611244202 42
1651497443340 0.9283413290977478 43
1651497447116 0.9275828003883362 44
1651497450891 0.9268578886985779 45
1651497454696 0.9278935790061951 46
1651497458471 0.9287774562835693 47
1651497462252 0.9270949363708496 48
1651497466074 0.9289997816085815 49
1651497469859 0.9292733669281006 50
1651497473653 0.92952561378479 51
1651497477482 0.9293345212936401 52
1651497481268 0.9291732907295227 53
1651497485062 0.9296889305114746 54
1651497501835 0.9264358282089233 55
