1651497276934 0.5150356292724609 0
1651497280796 0.856168270111084 1
1651497284847 0.9092303514480591 2
1651497288923 0.9282261729240417 3
1651497292942 0.9369434118270874 4
1651497296947 0.9415977001190186 5
1651497300715 0.9449080228805542 6
1651497304722 0.9440372586250305 7
1651497308575 0.9466332197189331 8
1651497312639 0.9491829872131348 9
1651497316475 0.9487702250480652 10
1651497320307 0.9503455758094788 11
1651497324144 0.9502894878387451 12
1651497327980 0.9521000385284424 13
1651497331767 0.9517548084259033 14
1651497335556 0.9532570242881775 15
1651497339625 0.9512329697608948 16
1651497343454 0.9528603553771973 17
1651497347241 0.9543728232383728 18
1651497351032 0.9552034139633179 19
1651497354875 0.9550216197967529 20
1651497358945 0.9535652995109558 21
1651497362733 0.9518895149230957 22
1651497366564 0.9547744989395142 23
1651497370633 0.9557124376296997 24
1651497374433 0.9540438055992126 25
1651497378277 0.9571954011917114 26
1651497382071 0.9573164582252502 27
1651497385933 0.9547805190086365 28
1651497389790 0.9575366377830505 29
1651497393591 0.9580399990081787 30
1651497397415 0.9583752155303955 31
1651497401252 0.9579165577888489 32
1651497405035 0.9584636688232422 33
1651497408900 0.9573339223861694 34
1651497412736 0.957706093788147 35
1651497416599 0.9569370150566101 36
1651497420395 0.9589594602584839 37
1651497424224 0.9600319862365723 38
1651497428082 0.9595585465431213 39
1651497431899 0.9567415118217468 40
1651497435683 0.9601789712905884 41
1651497439502 0.9603844285011292 42
1651497443340 0.9600573182106018 43
1651497447116 0.9577064514160156 44
1651497450891 0.9587056636810303 45
1651497454696 0.9592097401618958 46
1651497458471 0.9601810574531555 47
1651497462252 0.9591595530509949 48
1651497466074 0.9611308574676514 49
1651497469859 0.9616695046424866 50
1651497473653 0.9610329866409302 51
1651497477482 0.9604535102844238 52
1651497481268 0.9608182907104492 53
1651497485062 0.9619227647781372 54
1651497501835 0.9557124376296997 55
