1651497276934 130279.0 0
1651497280796 0.0 1
1651497284847 352.0 2
1651497288923 172232.0 3
1651497292942 193580.0 4
1651497296947 208257.0 5
1651497300715 210776.0 6
1651497304722 199767.0 7
1651497308575 209284.0 8
1651497312639 196734.0 9
1651497316475 207284.0 10
1651497320307 202802.0 11
1651497324144 201269.0 12
1651497327980 203974.0 13
1651497331767 193486.0 14
1651497335556 196123.0 15
1651497339625 204616.0 16
1651497343454 189066.0 17
1651497347241 196823.0 18
1651497351032 189829.0 19
1651497354875 197164.0 20
1651497358945 188814.0 21
1651497362733 198748.0 22
1651497366564 183808.0 23
1651497370633 192613.0 24
1651497374433 188440.0 25
1651497378277 191679.0 26
1651497382071 191976.0 27
1651497385933 189935.0 28
1651497389790 187101.0 29
1651497393591 185795.0 30
1651497397415 187425.0 31
1651497401252 189411.0 32
1651497405035 189650.0 33
1651497408900 179550.0 34
1651497412736 190500.0 35
1651497416599 187630.0 36
1651497420395 184825.0 37
1651497424224 187126.0 38
1651497428082 180495.0 39
1651497431899 191544.0 40
1651497435683 187033.0 41
1651497439502 189371.0 42
1651497443340 181783.0 43
1651497447116 197565.0 44
1651497450891 184230.0 45
1651497454696 180397.0 46
1651497458471 184322.0 47
1651497462252 191027.0 48
1651497466074 183009.0 49
1651497469859 174299.0 50
1651497473653 183821.0 51
1651497477482 183882.0 52
1651497481268 184371.0 53
1651497485062 191907.0 54
1651497501835 192613.0 55
