1651497276934 1188513.0 0
1651497280796 1225441.0 1
1651497284847 1220139.0 2
1651497288923 481924.0 3
1651497292942 331312.0 4
1651497296947 308404.0 5
1651497300715 290723.0 6
1651497304722 303809.0 7
1651497308575 281896.0 8
1651497312639 289376.0 9
1651497316475 279033.0 10
1651497320307 274751.0 11
1651497324144 277991.0 12
1651497327980 270450.0 13
1651497331767 276937.0 14
1651497335556 272482.0 15
1651497339625 273032.0 16
1651497343454 278857.0 17
1651497347241 270851.0 18
1651497351032 269967.0 19
1651497354875 264246.0 20
1651497358945 273744.0 21
1651497362733 270458.0 22
1651497366564 276954.0 23
1651497370633 262322.0 24
1651497374433 273341.0 25
1651497378277 265009.0 26
1651497382071 264300.0 27
1651497385933 271110.0 28
1651497389790 264727.0 29
1651497393591 266311.0 30
1651497397415 266827.0 31
1651497401252 259649.0 32
1651497405035 264247.0 33
1651497408900 270054.0 34
1651497412736 264218.0 35
1651497416599 268789.0 36
1651497420395 261182.0 37
1651497424224 257509.0 38
1651497428082 265562.0 39
1651497431899 263893.0 40
1651497435683 257166.0 41
1651497439502 252635.0 42
1651497443340 261368.0 43
1651497447116 250277.0 44
1651497450891 268095.0 45
1651497454696 265523.0 46
1651497458471 256132.0 47
1651497462252 259832.0 48
1651497466074 256070.0 49
1651497469859 263088.0 50
1651497473653 252006.0 51
1651497477482 253127.0 52
1651497481268 253635.0 53
1651497485062 242910.0 54
1651497501835 262322.0 55
