1651497276934 0.5657240152359009 0
1651497280796 0.3785110414028168 1
1651497284847 0.31502655148506165 2
1651497288923 0.2652570605278015 3
1651497292942 0.23562926054000854 4
1651497296947 0.22771400213241577 5
1651497300715 0.22193337976932526 6
1651497304722 0.2220757007598877 7
1651497308575 0.21642041206359863 8
1651497312639 0.21248778700828552 9
1651497316475 0.21238894760608673 10
1651497320307 0.20971062779426575 11
1651497324144 0.20950102806091309 12
1651497327980 0.20621265470981598 13
1651497331767 0.20617206394672394 14
1651497335556 0.204171821475029 15
1651497339625 0.20799289643764496 16
1651497343454 0.20443640649318695 17
1651497347241 0.2018829882144928 18
1651497351032 0.20023834705352783 19
1651497354875 0.200500950217247 20
1651497358945 0.20288152992725372 21
1651497362733 0.20614205300807953 22
1651497366564 0.20081458985805511 23
1651497370633 0.1985848993062973 24
1651497374433 0.20253589749336243 25
1651497378277 0.1968686282634735 26
1651497382071 0.19644741714000702 27
1651497385933 0.20050115883350372 28
1651497389790 0.1958424597978592 29
1651497393591 0.19499672949314117 30
1651497397415 0.1950749009847641 31
1651497401252 0.1947573572397232 32
1651497405035 0.19466805458068848 33
1651497408900 0.19591361284255981 34
1651497412736 0.1954154670238495 35
1651497416599 0.19739706814289093 36
1651497420395 0.19329513609409332 37
1651497424224 0.1914525181055069 38
1651497428082 0.1922442764043808 39
1651497431899 0.1972985565662384 40
1651497435683 0.19109144806861877 41
1651497439502 0.19072425365447998 42
1651497443340 0.1908169388771057 43
1651497447116 0.19485275447368622 44
1651497450891 0.19384118914604187 45
1651497454696 0.19203811883926392 46
1651497458471 0.1900118738412857 47
1651497462252 0.1925969123840332 48
1651497466074 0.1890948861837387 49
1651497469859 0.18771253526210785 50
1651497473653 0.1887335330247879 51
1651497477482 0.18931438028812408 52
1651497481268 0.18893741071224213 53
1651497485062 0.18697786331176758 54
1651497501835 0.1985848993062973 55
