1651497276934 0.8024734258651733 0
1651497280796 0.8018427491188049 1
1651497284847 0.8025195598602295 2
1651497288923 0.9085261821746826 3
1651497292942 0.9349919557571411 4
1651497296947 0.9390372037887573 5
1651497300715 0.942301869392395 6
1651497304722 0.9399917125701904 7
1651497308575 0.9439721703529358 8
1651497312639 0.9427135586738586 9
1651497316475 0.9445316791534424 10
1651497320307 0.9453850388526917 11
1651497324144 0.9447934031486511 12
1651497327980 0.9461814761161804 13
1651497331767 0.9450761079788208 14
1651497335556 0.9458835124969482 15
1651497339625 0.9456886053085327 16
1651497343454 0.9447647929191589 17
1651497347241 0.9461825489997864 18
1651497351032 0.9464232325553894 19
1651497354875 0.9474223852157593 20
1651497358945 0.9457252621650696 21
1651497362733 0.9462358951568604 22
1651497366564 0.9451781511306763 23
1651497370633 0.947832465171814 24
1651497374433 0.9458048939704895 25
1651497378277 0.9473360180854797 26
1651497382071 0.9474664330482483 27
1651497385933 0.9462074637413025 28
1651497389790 0.9474369287490845 29
1651497393591 0.9471527338027954 30
1651497397415 0.9470386505126953 31
1651497401252 0.9483694434165955 32
1651497405035 0.9475007057189941 33
1651497408900 0.9465159773826599 34
1651497412736 0.9474972486495972 35
1651497416599 0.9466678500175476 36
1651497420395 0.9481277465820312 37
1651497424224 0.9487965106964111 38
1651497428082 0.947348952293396 39
1651497431899 0.9475475549697876 40
1651497435683 0.9488621354103088 41
1651497439502 0.9496944546699524 42
1651497443340 0.9481240510940552 43
1651497447116 0.9500589966773987 44
1651497450891 0.9468340873718262 45
1651497454696 0.9473572969436646 46
1651497458471 0.9490847587585449 47
1651497462252 0.948318362236023 48
1651497466074 0.9491097331047058 49
1651497469859 0.9478778839111328 50
1651497473653 0.9498687982559204 51
1651497477482 0.9496564269065857 52
1651497481268 0.9495555758476257 53
1651497485062 0.9515125155448914 54
1651497501835 0.947832465171814 55
