1651497276934 0.9737274050712585 0
1651497280796 1.0 1
1651497284847 0.9999290108680725 2
1651497288923 0.96526700258255 3
1651497292942 0.9609618782997131 4
1651497296947 0.9580020904541016 5
1651497300715 0.9574940800666809 6
1651497304722 0.9597141742706299 7
1651497308575 0.9577949643135071 8
1651497312639 0.9603258371353149 9
1651497316475 0.9581983089447021 10
1651497320307 0.9591021537780762 11
1651497324144 0.9594113230705261 12
1651497327980 0.9588658213615417 13
1651497331767 0.9609808325767517 14
1651497335556 0.9604490399360657 15
1651497339625 0.9587363004684448 16
1651497343454 0.9618722200393677 17
1651497347241 0.9603078961372375 18
1651497351032 0.9617183208465576 19
1651497354875 0.9602391123771667 20
1651497358945 0.9619230031967163 21
1651497362733 0.9599196910858154 22
1651497366564 0.9629325270652771 23
1651497370633 0.9611569046974182 24
1651497374433 0.961998462677002 25
1651497378277 0.9613452553749084 26
1651497382071 0.9612853527069092 27
1651497385933 0.961696982383728 28
1651497389790 0.9622684717178345 29
1651497393591 0.9625318646430969 30
1651497397415 0.9622031450271606 31
1651497401252 0.96180260181427 32
1651497405035 0.9617544412612915 33
1651497408900 0.9637912511825562 34
1651497412736 0.9615830183029175 35
1651497416599 0.9621617794036865 36
1651497420395 0.962727427482605 37
1651497424224 0.9622634053230286 38
1651497428082 0.9636006355285645 39
1651497431899 0.9613724946975708 40
1651497435683 0.9622821807861328 41
1651497439502 0.9618107080459595 42
1651497443340 0.9633409380912781 43
1651497447116 0.9601582288742065 44
1651497450891 0.9628474712371826 45
1651497454696 0.9636204242706299 46
1651497458471 0.9628288745880127 47
1651497462252 0.961476743221283 48
1651497466074 0.9630936980247498 49
1651497469859 0.9648501873016357 50
1651497473653 0.962929904460907 51
1651497477482 0.9629176259040833 52
1651497481268 0.9628190398216248 53
1651497485062 0.9612993001937866 54
1651497501835 0.9611569046974182 55
