1651497276934 36935.0 0
1651497280796 7.0 1
1651497284847 5309.0 2
1651497288923 743524.0 3
1651497292942 894136.0 4
1651497296947 917044.0 5
1651497300715 934725.0 6
1651497304722 921639.0 7
1651497308575 943552.0 8
1651497312639 936072.0 9
1651497316475 946415.0 10
1651497320307 950697.0 11
1651497324144 947457.0 12
1651497327980 954998.0 13
1651497331767 948511.0 14
1651497335556 952966.0 15
1651497339625 952416.0 16
1651497343454 946591.0 17
1651497347241 954597.0 18
1651497351032 955481.0 19
1651497354875 961202.0 20
1651497358945 951704.0 21
1651497362733 954990.0 22
1651497366564 948494.0 23
1651497370633 963126.0 24
1651497374433 952107.0 25
1651497378277 960439.0 26
1651497382071 961148.0 27
1651497385933 954338.0 28
1651497389790 960721.0 29
1651497393591 959137.0 30
1651497397415 958621.0 31
1651497401252 965799.0 32
1651497405035 961201.0 33
1651497408900 955394.0 34
1651497412736 961230.0 35
1651497416599 956659.0 36
1651497420395 964266.0 37
1651497424224 967939.0 38
1651497428082 959886.0 39
1651497431899 961555.0 40
1651497435683 968282.0 41
1651497439502 972813.0 42
1651497443340 964080.0 43
1651497447116 975171.0 44
1651497450891 957353.0 45
1651497454696 959925.0 46
1651497458471 969316.0 47
1651497462252 965616.0 48
1651497466074 969378.0 49
1651497469859 962360.0 50
1651497473653 973442.0 51
1651497477482 972321.0 52
1651497481268 971813.0 53
1651497485062 982538.0 54
1651497501835 963126.0 55
