1651497276934 4828465.0 0
1651497280796 4958744.0 1
1651497284847 4958392.0 2
1651497288923 4786512.0 3
1651497292942 4765164.0 4
1651497296947 4750487.0 5
1651497300715 4747968.0 6
1651497304722 4758977.0 7
1651497308575 4749460.0 8
1651497312639 4762010.0 9
1651497316475 4751460.0 10
1651497320307 4755942.0 11
1651497324144 4757475.0 12
1651497327980 4754770.0 13
1651497331767 4765258.0 14
1651497335556 4762621.0 15
1651497339625 4754128.0 16
1651497343454 4769678.0 17
1651497347241 4761921.0 18
1651497351032 4768915.0 19
1651497354875 4761580.0 20
1651497358945 4769930.0 21
1651497362733 4759996.0 22
1651497366564 4774936.0 23
1651497370633 4766131.0 24
1651497374433 4770304.0 25
1651497378277 4767065.0 26
1651497382071 4766768.0 27
1651497385933 4768809.0 28
1651497389790 4771643.0 29
1651497393591 4772949.0 30
1651497397415 4771319.0 31
1651497401252 4769333.0 32
1651497405035 4769094.0 33
1651497408900 4779194.0 34
1651497412736 4768244.0 35
1651497416599 4771114.0 36
1651497420395 4773919.0 37
1651497424224 4771618.0 38
1651497428082 4778249.0 39
1651497431899 4767200.0 40
1651497435683 4771711.0 41
1651497439502 4769373.0 42
1651497443340 4776961.0 43
1651497447116 4761179.0 44
1651497450891 4774514.0 45
1651497454696 4778347.0 46
1651497458471 4774422.0 47
1651497462252 4767717.0 48
1651497466074 4775735.0 49
1651497469859 4784445.0 50
1651497473653 4774923.0 51
1651497477482 4774862.0 52
1651497481268 4774373.0 53
1651497485062 4766837.0 54
1651497501835 4766131.0 55
