1651452299562 0.8327235579490662 0
1651452311419 0.906503438949585 1
1651452323357 0.9157320261001587 2
1651452335256 0.9189237356185913 3
1651452346944 0.9206773042678833 4
1651452358586 0.9224109053611755 5
1651452370235 0.9232492446899414 6
1651452381840 0.9236895442008972 7
1651452393526 0.9242629408836365 8
1651452405184 0.9248718619346619 9
1651452416825 0.9251857995986938 10
1651452428473 0.9255964159965515 11
1651452440139 0.9256906509399414 12
1651452451734 0.9264081716537476 13
1651452463388 0.9264733791351318 14
1651452475033 0.9265215992927551 15
1651452486655 0.9269753098487854 16
1651452498417 0.9273706078529358 17
1651452510181 0.9275463223457336 18
1651452522026 0.9276959896087646 19
1651452533662 0.9277846813201904 20
1651452545313 0.9278961420059204 21
1651452557218 0.9282615780830383 22
1651452568874 0.9281414151191711 23
1651452580523 0.928571879863739 24
1651452592136 0.9285788536071777 25
1651452603772 0.9286209940910339 26
1651452615575 0.9292066097259521 27
1651452627205 0.9284529685974121 28
1651452638882 0.9289433360099792 29
1651452650763 0.9291010499000549 30
1651452662379 0.9291395545005798 31
1651452674263 0.9292100667953491 32
1651452685922 0.9294648766517639 33
1651452697594 0.9287835955619812 34
1651452709211 0.9289770722389221 35
1651452720822 0.9296475052833557 36
1651452732631 0.9296138882637024 37
1651452744568 0.9294536709785461 38
1651452756151 0.9298943877220154 39
1651452767768 0.9297064542770386 40
1651452779407 0.9299941062927246 41
1651452791042 0.9299606680870056 42
1651452802650 0.9299649000167847 43
1651452814467 0.930023193359375 44
1651452826186 0.930051326751709 45
1651452837834 0.9306352138519287 46
1651452849528 0.930136501789093 47
1651452861166 0.9304115772247314 48
1651452872861 0.9308385848999023 49
1651452884481 0.9304431676864624 50
1651452896142 0.9307435154914856 51
1651452907806 0.9308256506919861 52
1651452919439 0.9307933449745178 53
1651452931162 0.9306671023368835 54
1651452942992 0.9307757616043091 55
1651452954842 0.9307833909988403 56
1651452966466 0.9308090806007385 57
1651452978138 0.9308520555496216 58
1651452989732 0.9312856793403625 59
1651453001543 0.9309840202331543 60
1651453013167 0.9312026500701904 61
1651453024831 0.9311774373054504 62
1651453036459 0.9314382076263428 63
1651453048257 0.9310963749885559 64
1651453059903 0.931334912776947 65
1651453071464 0.9311595559120178 66
1651453083269 0.9314128756523132 67
1651453094930 0.9313009977340698 68
1651453106570 0.9312695860862732 69
1651453118250 0.9315205812454224 70
1651453129915 0.9315728545188904 71
1651453141586 0.9315342307090759 72
1651453153455 0.9314819574356079 73
1651453165063 0.9316659569740295 74
1651453176670 0.9318327307701111 75
1651453188262 0.9317265748977661 76
1651453199859 0.9312523603439331 77
1651453211689 0.9317613840103149 78
1651453223317 0.9317377805709839 79
1651453234957 0.9316380620002747 80
1651453246627 0.9318908452987671 81
1651453258734 0.9317314028739929 82
1651453270423 0.9319010972976685 83
1651453282033 0.9319519996643066 84
1651453293602 0.9319721460342407 85
1651453305154 0.9321395754814148 86
1651453316805 0.932379961013794 87
1651453328455 0.9324722290039062 88
1651453340107 0.9320611953735352 89
1651453351929 0.9322522282600403 90
1651453363587 0.9320865273475647 91
1651453375238 0.9323955774307251 92
1651453386861 0.9327275156974792 93
1651453398481 0.9315527081489563 94
1651453410047 0.9320870637893677 95
1651453421653 0.9326476454734802 96
1651453433258 0.9325951337814331 97
1651453445143 0.9323571920394897 98
1651453456759 0.9326471090316772 99
1651453468332 0.9329060316085815 100
1651453479961 0.9326142072677612 101
1651453491575 0.932215690612793 102
1651453503154 0.9328647255897522 103
1651453514728 0.9324557185173035 104
1651453526318 0.9325976967811584 105
1651453537877 0.9326609969139099 106
1651453549489 0.9325722455978394 107
1651453561122 0.9328852295875549 108
1651453572719 0.9329527020454407 109
1651453584353 0.932481050491333 110
1651453595961 0.9327768683433533 111
1651453607625 0.9328169822692871 112
1651453642407 0.9317314028739929 113
