1651452299562 0.863917887210846 0
1651452311419 0.9250730872154236 1
1651452323357 0.9361789226531982 2
1651452335256 0.9426866173744202 3
1651452346944 0.9460575580596924 4
1651452358586 0.9488573670387268 5
1651452370235 0.9492185711860657 6
1651452381840 0.9502812027931213 7
1651452393526 0.9516860842704773 8
1651452405184 0.9517413973808289 9
1651452416825 0.9530234336853027 10
1651452428473 0.9538395404815674 11
1651452440139 0.9543286561965942 12
1651452451734 0.9546924233436584 13
1651452463388 0.9549704194068909 14
1651452475033 0.955349326133728 15
1651452486655 0.9559645056724548 16
1651452498417 0.9562342762947083 17
1651452510181 0.9566972255706787 18
1651452522026 0.9569298624992371 19
1651452533662 0.9570449590682983 20
1651452545313 0.9578246474266052 21
1651452557218 0.9578098058700562 22
1651452568874 0.9580437541007996 23
1651452580523 0.9584727883338928 24
1651452592136 0.9583203196525574 25
1651452603772 0.9583527445793152 26
1651452615575 0.9586756229400635 27
1651452627205 0.9587540626525879 28
1651452638882 0.9585503935813904 29
1651452650763 0.959281861782074 30
1651452662379 0.9592084288597107 31
1651452674263 0.959631085395813 32
1651452685922 0.9599729180335999 33
1651452697594 0.9594612121582031 34
1651452709211 0.9596563577651978 35
1651452720822 0.9602342844009399 36
1651452732631 0.9594971537590027 37
1651452744568 0.9600037932395935 38
1651452756151 0.9603383541107178 39
1651452767768 0.9603369235992432 40
1651452779407 0.9606199860572815 41
1651452791042 0.9605040550231934 42
1651452802650 0.9607821106910706 43
1651452814467 0.9604882597923279 44
1651452826186 0.9606441855430603 45
1651452837834 0.9610428214073181 46
1651452849528 0.9609388113021851 47
1651452861166 0.9612855911254883 48
1651452872861 0.9614468216896057 49
1651452884481 0.961300790309906 50
1651452896142 0.9612050652503967 51
1651452907806 0.9617069363594055 52
1651452919439 0.961146354675293 53
1651452931162 0.9615114331245422 54
1651452942992 0.9617502093315125 55
1651452954842 0.962144672870636 56
1651452966466 0.961992084980011 57
1651452978138 0.9615631103515625 58
1651452989732 0.9618301391601562 59
1651453001543 0.9617627263069153 60
1651453013167 0.9625509977340698 61
1651453024831 0.9620530009269714 62
1651453036459 0.9627184271812439 63
1651453048257 0.9620541334152222 64
1651453059903 0.9620131254196167 65
1651453071464 0.9615979194641113 66
1651453083269 0.9625034928321838 67
1651453094930 0.9624144434928894 68
1651453106570 0.9626930952072144 69
1651453118250 0.9626792073249817 70
1651453129915 0.9628736972808838 71
1651453141586 0.962722659111023 72
1651453153455 0.9629004001617432 73
1651453165063 0.9629788994789124 74
1651453176670 0.9627247452735901 75
1651453188262 0.9628617167472839 76
1651453199859 0.9626857042312622 77
1651453211689 0.9627981185913086 78
1651453223317 0.9631365537643433 79
1651453234957 0.9633435010910034 80
1651453246627 0.9636392593383789 81
1651453258734 0.9629513025283813 82
1651453270423 0.9628746509552002 83
1651453282033 0.9631581902503967 84
1651453293602 0.9631602168083191 85
1651453305154 0.9633172154426575 86
1651453316805 0.9634304046630859 87
1651453328455 0.9636505842208862 88
1651453340107 0.963322639465332 89
1651453351929 0.9638838768005371 90
1651453363587 0.9639502167701721 91
1651453375238 0.963680624961853 92
1651453386861 0.9641804695129395 93
1651453398481 0.9633785486221313 94
1651453410047 0.9638975858688354 95
1651453421653 0.9641820788383484 96
1651453433258 0.9637949466705322 97
1651453445143 0.9638640880584717 98
1651453456759 0.9638785123825073 99
1651453468332 0.9642582535743713 100
1651453479961 0.9634810090065002 101
1651453491575 0.9638535976409912 102
1651453503154 0.9645790457725525 103
1651453514728 0.9639809131622314 104
1651453526318 0.9640638828277588 105
1651453537877 0.9646170735359192 106
1651453549489 0.9641035795211792 107
1651453561122 0.9640335440635681 108
1651453572719 0.964779794216156 109
1651453584353 0.9641328454017639 110
1651453595961 0.9645293354988098 111
1651453607625 0.964715838432312 112
1651453642407 0.9629513025283813 113
