1651452299562 809133.0 0
1651452311419 974972.0 1
1651452323357 1045912.0 2
1651452335256 1061576.0 3
1651452346944 1072191.0 4
1651452358586 1083400.0 5
1651452370235 1070631.0 6
1651452381840 1075476.0 7
1651452393526 1084149.0 8
1651452405184 1085184.0 9
1651452416825 1079689.0 10
1651452428473 1074902.0 11
1651452440139 1081917.0 12
1651452451734 1079508.0 13
1651452463388 1075998.0 14
1651452475033 1087902.0 15
1651452486655 1086739.0 16
1651452498417 1079344.0 17
1651452510181 1059582.0 18
1651452522026 1075423.0 19
1651452533662 1072905.0 20
1651452545313 1068410.0 21
1651452557218 1064583.0 22
1651452568874 1077422.0 23
1651452580523 1074236.0 24
1651452592136 1073814.0 25
1651452603772 1066993.0 26
1651452615575 1063993.0 27
1651452627205 1081775.0 28
1651452638882 1070033.0 29
1651452650763 1065709.0 30
1651452662379 1060009.0 31
1651452674263 1062155.0 32
1651452685922 1062046.0 33
1651452697594 1055526.0 34
1651452709211 1074326.0 35
1651452720822 1061988.0 36
1651452732631 1069500.0 37
1651452744568 1067895.0 38
1651452756151 1060434.0 39
1651452767768 1047312.0 40
1651452779407 1059938.0 41
1651452791042 1052010.0 42
1651452802650 1052496.0 43
1651452814467 1058805.0 44
1651452826186 1050968.0 45
1651452837834 1056259.0 46
1651452849528 1063056.0 47
1651452861166 1044557.0 48
1651452872861 1065016.0 49
1651452884481 1047452.0 50
1651452896142 1047638.0 51
1651452907806 1036745.0 52
1651452919439 1054110.0 53
1651452931162 1060337.0 54
1651452942992 1046486.0 55
1651452954842 1048720.0 56
1651452966466 1063521.0 57
1651452978138 1055170.0 58
1651452989732 1050516.0 59
1651453001543 1039666.0 60
1651453013167 1045965.0 61
1651453024831 1050471.0 62
1651453036459 1049109.0 63
1651453048257 1050750.0 64
1651453059903 1053364.0 65
1651453071464 1042683.0 66
1651453083269 1048758.0 67
1651453094930 1048664.0 68
1651453106570 1055860.0 69
1651453118250 1054820.0 70
1651453129915 1043249.0 71
1651453141586 1047434.0 72
1651453153455 1051448.0 73
1651453165063 1053458.0 74
1651453176670 1048006.0 75
1651453188262 1032661.0 76
1651453199859 1044694.0 77
1651453211689 1039420.0 78
1651453223317 1047828.0 79
1651453234957 1052285.0 80
1651453246627 1042285.0 81
1651453258734 1041940.0 82
1651453270423 1035463.0 83
1651453282033 1039453.0 84
1651453293602 1045862.0 85
1651453305154 1046594.0 86
1651453316805 1029944.0 87
1651453328455 1035486.0 88
1651453340107 1044537.0 89
1651453351929 1039632.0 90
1651453363587 1046928.0 91
1651453375238 1029077.0 92
1651453386861 1036974.0 93
1651453398481 1048895.0 94
1651453410047 1040933.0 95
1651453421653 1039870.0 96
1651453433258 1034100.0 97
1651453445143 1037061.0 98
1651453456759 1032768.0 99
1651453468332 1039510.0 100
1651453479961 1037230.0 101
1651453491575 1044905.0 102
1651453503154 1035351.0 103
1651453514728 1041609.0 104
1651453526318 1038774.0 105
1651453537877 1037153.0 106
1651453549489 1028104.0 107
1651453561122 1035220.0 108
1651453572719 1035004.0 109
1651453584353 1032614.0 110
1651453595961 1037489.0 111
1651453607625 1037782.0 112
1651453642407 1041940.0 113
