1651452299562 5956526.0 0
1651452311419 2494224.0 1
1651452323357 2080867.0 2
1651452335256 1946775.0 3
1651452346944 1871097.0 4
1651452358586 1795550.0 5
1651452370235 1777207.0 6
1651452381840 1756030.0 7
1651452393526 1726089.0 8
1651452405184 1702455.0 9
1651452416825 1696316.0 10
1651452428473 1685848.0 11
1651452440139 1675351.0 12
1651452451734 1651135.0 13
1651452463388 1652221.0 14
1651452475033 1638527.0 15
1651452486655 1622850.0 16
1651452498417 1615577.0 17
1651452510181 1628824.0 18
1651452522026 1607436.0 19
1651452533662 1606657.0 20
1651452545313 1607021.0 21
1651452557218 1597277.0 22
1651452568874 1588894.0 23
1651452580523 1576110.0 24
1651452592136 1576283.0 25
1651452603772 1581539.0 26
1651452615575 1562803.0 27
1651452627205 1572989.0 28
1651452638882 1566539.0 29
1651452650763 1565005.0 30
1651452662379 1569281.0 31
1651452674263 1564516.0 32
1651452685922 1555176.0 33
1651452697594 1586973.0 34
1651452709211 1560998.0 35
1651452720822 1548456.0 36
1651452732631 1542179.0 37
1651452744568 1549744.0 38
1651452756151 1540843.0 39
1651452767768 1560936.0 40
1651452779407 1537642.0 41
1651452791042 1546811.0 42
1651452802650 1546182.0 43
1651452814467 1537697.0 44
1651452826186 1544479.0 45
1651452837834 1517532.0 46
1651452849528 1529235.0 47
1651452861166 1537528.0 48
1651452872861 1501226.0 49
1651452884481 1533465.0 50
1651452896142 1522144.0 51
1651452907806 1529979.0 52
1651452919439 1513807.0 53
1651452931162 1512281.0 54
1651452942992 1522086.0 55
1651452954842 1519574.0 56
1651452966466 1503810.0 57
1651452978138 1510570.0 58
1651452989732 1499139.0 59
1651453001543 1521185.0 60
1651453013167 1506777.0 61
1651453024831 1503203.0 62
1651453036459 1494895.0 63
1651453048257 1505925.0 64
1651453059903 1494466.0 65
1651453071464 1511651.0 66
1651453083269 1496174.0 67
1651453094930 1500425.0 68
1651453106570 1494394.0 69
1651453118250 1486122.0 70
1651453129915 1495760.0 71
1651453141586 1493002.0 72
1651453153455 1490926.0 73
1651453165063 1482087.0 74
1651453176670 1481352.0 75
1651453188262 1500623.0 76
1651453199859 1506194.0 77
1651453211689 1492581.0 78
1651453223317 1485046.0 79
1651453234957 1484289.0 80
1651453246627 1484921.0 81
1651453258734 1491175.0 82
1651453270423 1491357.0 83
1651453282033 1485481.0 84
1651453293602 1478313.0 85
1651453305154 1471364.0 86
1651453316805 1479107.0 87
1651453328455 1470137.0 88
1651453340107 1476349.0 89
1651453351929 1474159.0 90
1651453363587 1473005.0 91
1651453375238 1479397.0 92
1651453386861 1459179.0 93
1651453398481 1490844.0 94
1651453410047 1478982.0 95
1651453421653 1459259.0 96
1651453433258 1466963.0 97
1651453445143 1472832.0 98
1651453456759 1466377.0 99
1651453468332 1450024.0 100
1651453479961 1463130.0 101
1651453491575 1470246.0 102
1651453503154 1455708.0 103
1651453514728 1464647.0 104
1651453526318 1462191.0 105
1651453537877 1461487.0 106
1651453549489 1473811.0 107
1651453561122 1455073.0 108
1651453572719 1452788.0 109
1651453584353 1472693.0 110
1651453595961 1456834.0 111
1651453607625 1455048.0 112
1651453642407 1491175.0 113
