1651452299562 0.3611299395561218 0
1651452311419 0.2664543092250824 1
1651452323357 0.23188316822052002 2
1651452335256 0.2215261608362198 3
1651452346944 0.21566393971443176 4
1651452358586 0.21059784293174744 5
1651452370235 0.2093631625175476 6
1651452381840 0.2076035887002945 7
1651452393526 0.20519976317882538 8
1651452405184 0.204753577709198 9
1651452416825 0.20247149467468262 10
1651452428473 0.2011457085609436 11
1651452440139 0.20059852302074432 12
1651452451734 0.1992626190185547 13
1651452463388 0.19882534444332123 14
1651452475033 0.19836561381816864 15
1651452486655 0.1970684677362442 16
1651452498417 0.19658035039901733 17
1651452510181 0.1956489533185959 18
1651452522026 0.19540293514728546 19
1651452533662 0.19497938454151154 20
1651452545313 0.193818137049675 21
1651452557218 0.1932881772518158 22
1651452568874 0.19317424297332764 23
1651452580523 0.19230026006698608 24
1651452592136 0.19251731038093567 25
1651452603772 0.19231227040290833 26
1651452615575 0.19167043268680573 27
1651452627205 0.19191011786460876 28
1651452638882 0.19199393689632416 29
1651452650763 0.19059988856315613 30
1651452662379 0.19069819152355194 31
1651452674263 0.1900915503501892 32
1651452685922 0.18933770060539246 33
1651452697594 0.1905752420425415 34
1651452709211 0.1901843547821045 35
1651452720822 0.18895846605300903 36
1651452732631 0.18948635458946228 37
1651452744568 0.1891949623823166 38
1651452756151 0.18838562071323395 39
1651452767768 0.18856112658977509 40
1651452779407 0.18796832859516144 41
1651452791042 0.18816612660884857 42
1651452802650 0.18765389919281006 43
1651452814467 0.1882704496383667 44
1651452826186 0.18789739906787872 45
1651452837834 0.18658733367919922 46
1651452849528 0.1874224692583084 47
1651452861166 0.18666774034500122 48
1651452872861 0.18606099486351013 49
1651452884481 0.18639230728149414 50
1651452896142 0.18653805553913116 51
1651452907806 0.18557250499725342 52
1651452919439 0.18637427687644958 53
1651452931162 0.18612919747829437 54
1651452942992 0.18570414185523987 55
1651452954842 0.18488286435604095 56
1651452966466 0.18542340397834778 57
1651452978138 0.18578071892261505 58
1651452989732 0.1849859058856964 59
1651453001543 0.1853807121515274 60
1651453013167 0.18400849401950836 61
1651453024831 0.18484598398208618 62
1651453036459 0.18351967632770538 63
1651453048257 0.1849038302898407 64
1651453059903 0.18463435769081116 65
1651453071464 0.1854393035173416 66
1651453083269 0.18399624526500702 67
1651453094930 0.1841067522764206 68
1651453106570 0.18372277915477753 69
1651453118250 0.18330852687358856 70
1651453129915 0.18306970596313477 71
1651453141586 0.1834574192762375 72
1651453153455 0.18303510546684265 73
1651453165063 0.18296998739242554 74
1651453176670 0.1830841302871704 75
1651453188262 0.1830414980649948 76
1651453199859 0.18368105590343475 77
1651453211689 0.18312391638755798 78
1651453223317 0.182570219039917 79
1651453234957 0.18230122327804565 80
1651453246627 0.18166062235832214 81
1651453258734 0.18287792801856995 82
1651453270423 0.18292927742004395 83
1651453282033 0.18225522339344025 84
1651453293602 0.18231792747974396 85
1651453305154 0.18202625215053558 86
1651453316805 0.1816595494747162 87
1651453328455 0.18119913339614868 88
1651453340107 0.1820225864648819 89
1651453351929 0.18095393478870392 90
1651453363587 0.1810244619846344 91
1651453375238 0.18118424713611603 92
1651453386861 0.18028126657009125 93
1651453398481 0.18193627893924713 94
1651453410047 0.18116317689418793 95
1651453421653 0.18033666908740997 96
1651453433258 0.18090154230594635 97
1651453445143 0.18096330761909485 98
1651453456759 0.18060320615768433 99
1651453468332 0.18005210161209106 100
1651453479961 0.18116840720176697 101
1651453491575 0.18100500106811523 102
1651453503154 0.1794952154159546 103
1651453514728 0.18074768781661987 104
1651453526318 0.1802774965763092 105
1651453537877 0.17944175004959106 106
1651453549489 0.18045981228351593 107
1651453561122 0.1802411526441574 108
1651453572719 0.17922191321849823 109
1651453584353 0.18030691146850586 110
1651453595961 0.1795322597026825 111
1651453607625 0.1792898029088974 112
1651453642407 0.18287792801856995 113
