1651452299562 0.8415791392326355 0
1651452311419 0.9202402830123901 1
1651452323357 0.932411789894104 2
1651452335256 0.9364581108093262 3
1651452346944 0.9387557506561279 4
1651452358586 0.9410611391067505 5
1651452370235 0.9416525959968567 6
1651452381840 0.9422985315322876 7
1651452393526 0.9432103633880615 8
1651452405184 0.9439423680305481 9
1651452416825 0.9441433548927307 10
1651452428473 0.9444776177406311 11
1651452440139 0.9447914958000183 12
1651452451734 0.9455503821372986 13
1651452463388 0.9455228447914124 14
1651452475033 0.9459287524223328 15
1651452486655 0.9464203715324402 16
1651452498417 0.9466607570648193 17
1651452510181 0.946281909942627 18
1651452522026 0.9469220638275146 19
1651452533662 0.9469509124755859 20
1651452545313 0.9469473361968994 21
1651452557218 0.9472587704658508 22
1651452568874 0.9474987983703613 23
1651452580523 0.947904646396637 24
1651452592136 0.9478999376296997 25
1651452603772 0.9477470517158508 26
1651452615575 0.9483392238616943 27
1651452627205 0.9479895234107971 28
1651452638882 0.9482117891311646 29
1651452650763 0.9482672810554504 30
1651452662379 0.9481430649757385 31
1651452674263 0.9482887387275696 32
1651452685922 0.9485817551612854 33
1651452697594 0.9475968480110168 34
1651452709211 0.9483782052993774 35
1651452720822 0.9487926363945007 36
1651452732631 0.9489769339561462 37
1651452744568 0.9487422108650208 38
1651452756151 0.9490342140197754 39
1651452767768 0.9484262466430664 40
1651452779407 0.9491354823112488 41
1651452791042 0.9488610625267029 42
1651452802650 0.9488800168037415 43
1651452814467 0.9491357207298279 44
1651452826186 0.9489359855651855 45
1651452837834 0.9497734308242798 46
1651452849528 0.9493942856788635 47
1651452861166 0.9491649270057678 48
1651452872861 0.9502718448638916 49
1651452884481 0.9492876529693604 50
1651452896142 0.9496428966522217 51
1651452907806 0.9494149684906006 52
1651452919439 0.94989413022995 53
1651452931162 0.949931800365448 54
1651452942992 0.9496465921401978 55
1651452954842 0.9497218132019043 56
1651452966466 0.9501929879188538 57
1651452978138 0.9499941468238831 58
1651452989732 0.9503613710403442 59
1651453001543 0.9496862888336182 60
1651453013167 0.9501286745071411 61
1651453024831 0.9502335786819458 62
1651453036459 0.9504972696304321 63
1651453048257 0.9501475691795349 64
1651453059903 0.9505038261413574 65
1651453071464 0.9499808549880981 66
1651453083269 0.9504576325416565 67
1651453094930 0.9503240585327148 68
1651453106570 0.9505019783973694 69
1651453118250 0.9507641792297363 70
1651453129915 0.9504796862602234 71
1651453141586 0.9505596160888672 72
1651453153455 0.9506183862686157 73
1651453165063 0.9508935213088989 74
1651453176670 0.9509255290031433 75
1651453188262 0.9503440260887146 76
1651453199859 0.9501490592956543 77
1651453211689 0.9505860209465027 78
1651453223317 0.9508094787597656 79
1651453234957 0.950826108455658 80
1651453246627 0.9508224725723267 81
1651453258734 0.9506260752677917 82
1651453270423 0.9506310224533081 83
1651453282033 0.9508094787597656 84
1651453293602 0.9510248303413391 85
1651453305154 0.9512425661087036 86
1651453316805 0.9510255455970764 87
1651453328455 0.951299250125885 88
1651453340107 0.9510888457298279 89
1651453351929 0.9511657953262329 90
1651453363587 0.9511902928352356 91
1651453375238 0.9510179162025452 92
1651453386861 0.9516422152519226 93
1651453398481 0.9506251811981201 94
1651453410047 0.9510117173194885 95
1651453421653 0.9516351222991943 96
1651453433258 0.95140141248703 97
1651453445143 0.9512117505073547 98
1651453456759 0.9514220356941223 99
1651453468332 0.9519270658493042 100
1651453479961 0.9515172839164734 101
1651453491575 0.9512805342674255 102
1651453503154 0.9517543315887451 103
1651453514728 0.9514623880386353 104
1651453526318 0.9515444040298462 105
1651453537877 0.951569139957428 106
1651453549489 0.9511954188346863 107
1651453561122 0.951774537563324 108
1651453572719 0.9518470168113708 109
1651453584353 0.9512233138084412 110
1651453595961 0.9517154097557068 111
1651453607625 0.9517712593078613 112
1651453642407 0.9506260752677917 113
