1651452299562 0.9750667810440063 0
1651452311419 0.9672305583953857 1
1651452323357 0.9648461937904358 2
1651452335256 0.9643197655677795 3
1651452346944 0.9639629125595093 4
1651452358586 0.9635862112045288 5
1651452370235 0.9640154242515564 6
1651452381840 0.9638525247573853 7
1651452393526 0.9635610580444336 8
1651452405184 0.9635262489318848 9
1651452416825 0.9637109637260437 10
1651452428473 0.9638718366622925 11
1651452440139 0.9636361002922058 12
1651452451734 0.9637170433998108 13
1651452463388 0.9638350009918213 14
1651452475033 0.9634348750114441 15
1651452486655 0.9634740352630615 16
1651452498417 0.9637225270271301 17
1651452510181 0.9643867611885071 18
1651452522026 0.9638542532920837 19
1651452533662 0.9639389514923096 20
1651452545313 0.9640900492668152 21
1651452557218 0.9642186164855957 22
1651452568874 0.9637871384620667 23
1651452580523 0.9638941884040833 24
1651452592136 0.9639083743095398 25
1651452603772 0.9641376733779907 26
1651452615575 0.9642385244369507 27
1651452627205 0.9636408090591431 28
1651452638882 0.9640355110168457 29
1651452650763 0.9641808271408081 30
1651452662379 0.964372456073761 31
1651452674263 0.9643002152442932 32
1651452685922 0.9643039107322693 33
1651452697594 0.9645230770111084 34
1651452709211 0.9638912081718445 35
1651452720822 0.9643058776855469 36
1651452732631 0.9640533924102783 37
1651452744568 0.9641073346138 38
1651452756151 0.9643580913543701 39
1651452767768 0.964799165725708 40
1651452779407 0.9643747806549072 41
1651452791042 0.9646412134170532 42
1651452802650 0.9646249413490295 43
1651452814467 0.9644128680229187 44
1651452826186 0.9646762609481812 45
1651452837834 0.9644984006881714 46
1651452849528 0.9642699956893921 47
1651452861166 0.9648917317390442 48
1651452872861 0.9642040729522705 49
1651452884481 0.9647944569587708 50
1651452896142 0.9647881984710693 51
1651452907806 0.9651543498039246 52
1651452919439 0.9645706415176392 53
1651452931162 0.9643614292144775 54
1651452942992 0.9648269414901733 55
1651452954842 0.9647518396377563 56
1651452966466 0.9642543196678162 57
1651452978138 0.9645350575447083 58
1651452989732 0.9646914601325989 59
1651453001543 0.9650561213493347 60
1651453013167 0.9648444652557373 61
1651453024831 0.9646929502487183 62
1651453036459 0.9647387862205505 63
1651453048257 0.9646835923194885 64
1651453059903 0.9645957350730896 65
1651453071464 0.9649547338485718 66
1651453083269 0.9647505283355713 67
1651453094930 0.9647537469863892 68
1651453106570 0.9645118713378906 69
1651453118250 0.964546799659729 70
1651453129915 0.9649356603622437 71
1651453141586 0.9647950530052185 72
1651453153455 0.964660108089447 73
1651453165063 0.9645925760269165 74
1651453176670 0.964775800704956 75
1651453188262 0.9652916193008423 76
1651453199859 0.9648871421813965 77
1651453211689 0.9650644063949585 78
1651453223317 0.9647818207740784 79
1651453234957 0.9646320343017578 80
1651453246627 0.9649681448936462 81
1651453258734 0.9649797081947327 82
1651453270423 0.9651973843574524 83
1651453282033 0.9650633335113525 84
1651453293602 0.9648479223251343 85
1651453305154 0.9648232460021973 86
1651453316805 0.9653828740119934 87
1651453328455 0.9651966094970703 88
1651453340107 0.9648924469947815 89
1651453351929 0.9650572538375854 90
1651453363587 0.9648120403289795 91
1651453375238 0.9654120802879333 92
1651453386861 0.9651466608047485 93
1651453398481 0.9647458791732788 94
1651453410047 0.9650135636329651 95
1651453421653 0.9650492668151855 96
1651453433258 0.9652432203292847 97
1651453445143 0.9651436805725098 98
1651453456759 0.965287983417511 99
1651453468332 0.965061366558075 100
1651453479961 0.9651380181312561 101
1651453491575 0.9648800492286682 102
1651453503154 0.9652011394500732 103
1651453514728 0.9649907946586609 104
1651453526318 0.9650861024856567 105
1651453537877 0.9651406407356262 106
1651453549489 0.9654447436332703 107
1651453561122 0.9652055501937866 108
1651453572719 0.9652128219604492 109
1651453584353 0.9652931690216064 110
1651453595961 0.9651293754577637 111
1651453607625 0.965119481086731 112
1651453642407 0.9649797081947327 113
