1651452299562 2037445.0 0
1651452311419 4858464.0 1
1651452323357 5271821.0 2
1651452335256 5405913.0 3
1651452346944 5481591.0 4
1651452358586 5557138.0 5
1651452370235 5575481.0 6
1651452381840 5596658.0 7
1651452393526 5626599.0 8
1651452405184 5650233.0 9
1651452416825 5656372.0 10
1651452428473 5666840.0 11
1651452440139 5677337.0 12
1651452451734 5701553.0 13
1651452463388 5700467.0 14
1651452475033 5714161.0 15
1651452486655 5729838.0 16
1651452498417 5737111.0 17
1651452510181 5723864.0 18
1651452522026 5745252.0 19
1651452533662 5746031.0 20
1651452545313 5745667.0 21
1651452557218 5755411.0 22
1651452568874 5763794.0 23
1651452580523 5776578.0 24
1651452592136 5776405.0 25
1651452603772 5771149.0 26
1651452615575 5789885.0 27
1651452627205 5779699.0 28
1651452638882 5786149.0 29
1651452650763 5787683.0 30
1651452662379 5783407.0 31
1651452674263 5788172.0 32
1651452685922 5797512.0 33
1651452697594 5765715.0 34
1651452709211 5791690.0 35
1651452720822 5804232.0 36
1651452732631 5810509.0 37
1651452744568 5802944.0 38
1651452756151 5811845.0 39
1651452767768 5791752.0 40
1651452779407 5815046.0 41
1651452791042 5805877.0 42
1651452802650 5806506.0 43
1651452814467 5814991.0 44
1651452826186 5808209.0 45
1651452837834 5835156.0 46
1651452849528 5823453.0 47
1651452861166 5815160.0 48
1651452872861 5851462.0 49
1651452884481 5819223.0 50
1651452896142 5830544.0 51
1651452907806 5822709.0 52
1651452919439 5838881.0 53
1651452931162 5840407.0 54
1651452942992 5830602.0 55
1651452954842 5833114.0 56
1651452966466 5848878.0 57
1651452978138 5842118.0 58
1651452989732 5853549.0 59
1651453001543 5831503.0 60
1651453013167 5845911.0 61
1651453024831 5849485.0 62
1651453036459 5857793.0 63
1651453048257 5846763.0 64
1651453059903 5858222.0 65
1651453071464 5841037.0 66
1651453083269 5856514.0 67
1651453094930 5852263.0 68
1651453106570 5858294.0 69
1651453118250 5866566.0 70
1651453129915 5856928.0 71
1651453141586 5859686.0 72
1651453153455 5861762.0 73
1651453165063 5870601.0 74
1651453176670 5871336.0 75
1651453188262 5852065.0 76
1651453199859 5846494.0 77
1651453211689 5860107.0 78
1651453223317 5867642.0 79
1651453234957 5868399.0 80
1651453246627 5867767.0 81
1651453258734 5861513.0 82
1651453270423 5861331.0 83
1651453282033 5867207.0 84
1651453293602 5874375.0 85
1651453305154 5881324.0 86
1651453316805 5873581.0 87
1651453328455 5882551.0 88
1651453340107 5876339.0 89
1651453351929 5878529.0 90
1651453363587 5879683.0 91
1651453375238 5873291.0 92
1651453386861 5893509.0 93
1651453398481 5861844.0 94
1651453410047 5873706.0 95
1651453421653 5893429.0 96
1651453433258 5885725.0 97
1651453445143 5879856.0 98
1651453456759 5886311.0 99
1651453468332 5902664.0 100
1651453479961 5889558.0 101
1651453491575 5882442.0 102
1651453503154 5896980.0 103
1651453514728 5888041.0 104
1651453526318 5890497.0 105
1651453537877 5891201.0 106
1651453549489 5878877.0 107
1651453561122 5897615.0 108
1651453572719 5899900.0 109
1651453584353 5879995.0 110
1651453595961 5895854.0 111
1651453607625 5897640.0 112
1651453642407 5861513.0 113
