1651452299562 31642844.0 0
1651452311419 28777492.0 1
1651452323357 28706550.0 2
1651452335256 28690896.0 3
1651452346944 28680264.0 4
1651452358586 28669068.0 5
1651452370235 28681834.0 6
1651452381840 28676990.0 7
1651452393526 28668324.0 8
1651452405184 28667280.0 9
1651452416825 28672776.0 10
1651452428473 28677560.0 11
1651452440139 28670544.0 12
1651452451734 28672956.0 13
1651452463388 28676464.0 14
1651452475033 28664562.0 15
1651452486655 28665718.0 16
1651452498417 28673124.0 17
1651452510181 28692876.0 18
1651452522026 28677028.0 19
1651452533662 28679552.0 20
1651452545313 28684050.0 21
1651452557218 28687884.0 22
1651452568874 28675048.0 23
1651452580523 28678224.0 24
1651452592136 28678652.0 25
1651452603772 28685468.0 26
1651452615575 28688460.0 27
1651452627205 28670684.0 28
1651452638882 28682432.0 29
1651452650763 28686770.0 30
1651452662379 28692456.0 31
1651452674263 28690308.0 32
1651452685922 28690414.0 33
1651452697594 28696944.0 34
1651452709211 28678130.0 35
1651452720822 28690482.0 36
1651452732631 28682968.0 37
1651452744568 28684568.0 38
1651452756151 28692022.0 39
1651452767768 28705154.0 40
1651452779407 28692520.0 41
1651452791042 28700448.0 42
1651452802650 28699968.0 43
1651452814467 28693656.0 44
1651452826186 28701480.0 45
1651452837834 28696200.0 46
1651452849528 28689420.0 47
1651452861166 28707898.0 48
1651452872861 28687440.0 49
1651452884481 28705004.0 50
1651452896142 28704840.0 51
1651452907806 28715724.0 52
1651452919439 28698358.0 53
1651452931162 28692128.0 54
1651452942992 28705980.0 55
1651452954842 28703748.0 56
1651452966466 28688938.0 57
1651452978138 28697302.0 58
1651452989732 28701948.0 59
1651453001543 28712796.0 60
1651453013167 28706496.0 61
1651453024831 28701996.0 62
1651453036459 28703348.0 63
1651453048257 28701712.0 64
1651453059903 28699100.0 65
1651453071464 28709774.0 66
1651453083269 28703700.0 67
1651453094930 28703812.0 68
1651453106570 28696604.0 69
1651453118250 28697640.0 70
1651453129915 28709222.0 71
1651453141586 28705036.0 72
1651453153455 28701008.0 73
1651453165063 28699004.0 74
1651453176670 28704458.0 75
1651453188262 28719804.0 76
1651453199859 28707764.0 77
1651453211689 28713048.0 78
1651453223317 28704636.0 79
1651453234957 28700168.0 80
1651453246627 28710188.0 81
1651453258734 28710532.0 82
1651453270423 28717000.0 83
1651453282033 28713024.0 84
1651453293602 28706608.0 85
1651453305154 28705862.0 86
1651453316805 28722516.0 87
1651453328455 28716980.0 88
1651453340107 28707928.0 89
1651453351929 28712830.0 90
1651453363587 28705534.0 91
1651453375238 28723388.0 92
1651453386861 28715504.0 93
1651453398481 28703564.0 94
1651453410047 28711532.0 95
1651453421653 28712594.0 96
1651453433258 28718360.0 97
1651453445143 28715410.0 98
1651453456759 28719698.0 99
1651453468332 28712960.0 100
1651453479961 28715236.0 101
1651453491575 28707562.0 102
1651453503154 28717112.0 103
1651453514728 28710850.0 104
1651453526318 28713690.0 105
1651453537877 28715304.0 106
1651453549489 28724366.0 107
1651453561122 28717238.0 108
1651453572719 28717466.0 109
1651453584353 28719852.0 110
1651453595961 28714988.0 111
1651453607625 28714692.0 112
1651453642407 28710532.0 113
